Step Density Temperature Pressure KinEng PotEng TotEng

251000 0.63332668440879602567 308.21949628049299008 -676.74561892585199985 747.52147156328203437 3398.4332130675597909 4145.9546846308403474 3658.6598889485198924
252000 0.63332668440879602567 312.22459105649602407 -725.40774832879299083 811.01659787356697962 3442.5934536509898862 4253.6100515245598217 3731.2757938321101392
253000 0.63332668440879602567 312.95422729876901258 539.58453641947494361 853.22636558116698779 3450.6384348060500997 4303.86480038721038 4692.3959250440802862
254000 0.63332668440879602567 309.91224944102600602 -123.6933573163459954 731.91972202515000845 3417.0975371343402003 4149.017259159490095 4059.9511055042999033
255000 0.63332668440879602567 313.08468507008501547 -332.53780534449299466 885.58979025100700255 3452.0768643288201929 4337.6666545798298102 4098.2207869151097839
256000 0.63332668440879602567 309.52455805138697542 -482.68144558796598176 691.05480866262803374 3412.8228455237599519 4103.8776541863799139 3756.3199458989402046
257000 0.63332668440879702487 313.34968137571797797 1077.1567404725399228 843.13702485023395639 3454.9987179340300827 4298.1357427842604011 5073.7489999480503684
258000 0.63332668440879602567 311.9808462321120146 77.391324487490493311 767.65397189269197042 3439.9059192260301643 4207.559891118719861 4263.2859846449300676
259000 0.63332668440879602567 308.91486271010398923 -871.12590586880196497 715.45331433722503789 3406.1003347070400196 4121.5536490442600552 3494.2941464446198552
260000 0.63332668440879602567 310.79354993421799236 998.14262928344999182 762.79324446582495511 3426.814770803529882 4189.608015269360294 4908.3266814803100715
261000 0.63332668440879602567 304.70037794159298983 -230.37089880759600646 678.66812767518501914 3359.6313566374501534 4038.2994843126398337 3872.4195185970402235
262000 0.63332668440879602567 310.00664735367200819 451.99495494748697411 738.98020021733100293 3418.1383700649298589 4157.1185702822704116 4482.5802844935396934
263000 0.63332668440879602567 309.58051805108499366 -697.17919473922597717 737.13493628653498035 3413.439861396770084 4150.5747976832999484 3648.5666815559297902
264000 0.63332668440879602567 308.84565913161202388 -444.49525099086599766 614.88781716111395781 3405.3372949173799498 4020.2251120784899285 3700.1636052790099711
265000 0.63332668440879702487 313.92950520914797607 -1873.3031226804300786 715.21068596871600676 3461.3918650160198922 4176.602550984730442 2827.7192529051399106
266000 0.63332668440879602567 304.14125462146597556 -108.82107334376600249 730.10220773549599471 3353.4664537541198115 4083.5686614896198989 4005.2113862919600251
267000 0.63332668440879602567 310.13275715185898207 284.96520822734999001 705.54535817560201849 3419.5288587647901295 4125.0742169403902153 4330.2651469387601537
268000 0.63332668440879602567 310.61368354425502503 -1227.5523539176099348 752.1530791286160138 3424.8315610424901934 4176.9846401711101862 3293.0781075494601282
269000 0.63332668440879602567 307.72572615560102349 -798.330674882524022 702.87719452684098087 3392.9888955850401544 4095.8660901118801121 3521.0232359811398055
270000 0.63332668440879602567 314.3111865598480108 -1624.2965304694000679 739.1986605762730278 3465.6002898388501308 4204.798950415120089 3035.214362340650041
271000 0.63332668440879702487 305.52943494385300482 -66.639074135358598028 658.15058797685298941 3368.7725527201500881 4026.9231406969997806 3978.9392703813100525
272000 0.63332668440879602567 306.23763107583397414 -503.93358468879398515 705.82184924425803274 3376.5811348680499577 4082.4029841123001461 3719.5425439100399672
273000 0.63332668440879702487 313.88723895646302253 985.40611617598301564 784.21463592196903392 3460.9258366218100491 4245.1404725437796515 4954.6881350883004416
274000 0.63332668440879702487 307.04747726019201082 -546.58253446287699262 740.69041318213101022 3385.5105121579599654 4126.2009253400901798 3732.6308496632600509
275000 0.63332668440879602567 314.16923661631898312 -420.84367611952700372 670.71381173967404266 3464.0351474370800133 4134.7489591767498496 3831.7179126006899423
276000 0.63332668440879602567 308.62090914738297442 -188.36413290132401244 704.47852143066302233 3402.859197911010142 4107.3377193416699811 3971.7049807039002189
277000 0.63332668440879602567 307.83919502621301945 -1275.9392949304499325 812.78036903136398905 3394.2400052104499082 4207.0203742418098045 3288.272530682730121
278000 0.63332668440879602567 309.24141382750701723 -1672.1735924511299345 763.64227806296696599 3409.7008926747798796 4173.3431707377503699 2969.2844132208701922
279000 0.63332668440879602567 308.06415956331102279 -142.53723746803498784 744.28776586853598474 3396.7204678802800117 4141.0082337488101984 4038.373429670799851
280000 0.63332668440879602567 312.23751034292598661 -403.93903549583097856 724.47635849239497929 3442.7359019147202162 4167.212260407120084 3876.3535030464399824
