Step Density Temperature Pressure KinEng PotEng TotEng

151000 0.5119988242395689948 387.22638475931802304 9659.4709316042208229 793.66395839261804213 3288.4534047505499075 4082.1173631431702233 11037.478110784999444
152000 0.5119988242395689948 297.0200183883919749 -1678.9360328123500494 -204.13492314062901301 2522.3913689545502166 2318.2564458139199814 1109.3283520176898946
153000 0.5119988242395689948 307.90223596028698694 -1497.0821381329399173 -202.2676432929999919 2614.8067281191301845 2412.5390848261299652 1334.5559930714200618
154000 0.5119988242395689948 323.97354673961200433 525.85806370308500846 -249.64864762307101387 2751.2895679543498773 2501.6409203312800855 2880.2882148890498684
155000 0.5119988242395689948 305.24687969007402444 -1223.6863481873299406 -271.59245325779301083 2592.2565721605301405 2320.6641189027400287 1439.5413272020000477
156000 0.5119988242395689948 305.82916098375602587 -416.50553953911600047 -330.18115130011102565 2597.2014957971800868 2267.0203444970698001 1967.1129995298199447
157000 0.5119988242395689948 313.15821490310901254 -759.34706466390798596 -274.51911838012398448 2659.4422243820299627 2384.9231060019001234 1838.150637323519959
158000 0.5119988242395689948 306.96229275319200269 -563.54765079586195498 -373.8778643317950241 2606.8244222605999312 2232.946557928799848 1827.1606471345899081
159000 0.5119988242395689948 310.75301829167699452 682.65954978058402958 -325.46540118114501183 2639.0165062562600724 2313.551105075110172 2805.1042626100202142
160000 0.5119988242395689948 316.45487351544801413 -660.94821378376298071 -286.5579406615530047 2687.4385300696799277 2400.8805894081301631 1924.9608113036699706
161000 0.5119988242395689948 295.44975515362102669 -553.58890822157900402 -338.45585346630400636 2509.0561787816300239 2170.6003253153298829 1771.9852676338200581
162000 0.5119988242395689948 310.94657313936102128 -637.42700005124697782 -389.66186078429501549 2640.6602374763401713 2250.9983766920499875 1792.0151914807599951
163000 0.5119988242395689948 315.04384743550298253 -25.683325009806001304 -236.1894967756649919 2675.4556340186500165 2439.2661372429902258 2420.7727029848401799
164000 0.5119988242395689948 313.83788308096700348 479.15511592247997896 -307.14398693767299164 2665.2141893656798857 2358.0702024280099067 2703.0887556093198327
165000 0.5119988242395689948 301.35185641933901479 417.27303376970399995 -320.75871108521397446 2559.1787576304300273 2238.4200465452099706 2538.8800303974799135
166000 0.5119988242395689948 308.89918044788498719 735.30976384235805199 -225.10573244099998647 2623.2731075385700024 2398.1673750975701296 2927.6316392379098943
167000 0.5119988242395689948 314.09799945353802286 -816.3478349867759789 -273.28194541141800755 2667.4231828761398901 2394.1412374647297838 1806.3250177055299446
168000 0.5119988242395689948 299.12115116629502154 923.94621315523602334 -311.5556606042540011 2540.2348773240100854 2228.6792167197600065 2893.9723025849598343
169000 0.5119988242395689948 319.40861291147501788 -1052.1503155723100917 -364.91281052903900672 2712.5226533523700709 2347.6098428233299273 1590.0026138800799345
170000 0.5119988242395689948 310.01715706620501578 -1730.7912401794499146 -359.14983076661297901 2632.7673314903499886 2273.6175007237397949 1027.3507497240400426
171000 0.5119988242395689948 318.75681518948397297 -26.789267143562799589 -303.80854116900098916 2706.9873734167799739 2403.1788322477800648 2383.8890576350900119
172000 0.5119988242395689948 314.79098708646199611 473.93428896188999033 -362.03163572171501983 2673.3082610387700697 2311.2766253170598247 2652.5358903169399127
173000 0.5119988242395689948 301.15942006345602522 -1493.2776718281800186 -338.40031388238799082 2557.5445250093898721 2219.144211126999835 1143.9005484558499575
174000 0.5119988242395689948 314.74570827399600148 83.140982690968996849 -325.53727268200702838 2672.9237385194401213 2347.3864658374400278 2407.2526356953599134
175000 0.5119988242395689948 312.07302102603199501 -1216.968288556799962 -271.16990807412599906 2650.2264022161298271 2379.0564941419997922 1502.7710821057698922
176000 0.5119988242395689948 302.91182399000399528 112.87477095758599432 -279.25907557891201805 2572.4265136485000767 2293.1674380695899345 2374.4436028695499772
177000 0.5119988242395689948 314.79641988572802802 -136.9310215443589982 -323.81937133157197195 2673.3543981511797938 2349.5350268196098114 2250.937012588000016
178000 0.5119988242395689948 306.34752395493302402 -1522.7442351608599438 -389.07627182713497405 2601.6036040846202013 2212.5273322574898884 1116.0660915819898946
179000 0.5119988242395689948 313.96774056416700205 -718.38818497782494887 -335.96532210314398981 2666.3169816845202149 2330.3516595813698586 1813.0718811396600358
180000 0.5119988242395689948 309.92076818116800041 -784.30372669512701123 -339.4840005001190093 2631.9487654792201283 2292.4647649790999822 1727.7221001364300719
181000 0.5119988242395689948 311.98494408677498768 621.98610776271004852 -328.43337562483401371 2649.4784239734799485 2321.0450483486401936 2768.909925228890188
182000 0.5119988242395689948 316.43159033376798561 -426.59350465091398519 -379.643746968576977 2687.240801657870179 2307.5970546892999664 2000.4258091358799447
183000 0.5119988242395689948 299.70512475200098379 -1023.3078816312199706 -306.43137022590900642 2545.1941724593098115 2238.7628022334001798 1501.9237431330700474
184000 0.5119988242395689948 307.29215214589601146 -369.11607900528400705 -269.40662451917000908 2609.6256963620498937 2340.2190718428801119 2074.4347959321898998
185000 0.5119988242395689948 310.19614040845402769 -574.63712421016600729 -215.24807950665899625 2634.2873167092798212 2419.0392372026199155 2005.2682836825699724
186000 0.5119988242395689948 310.95061828950798599 -300.63451306660999762 -347.50251384430799817 2640.6945902175298215 2293.1920763732200612 2076.7183681985397925
187000 0.5119988242395689948 313.40153683113402394 -803.79692206930599241 -315.41280009743798018 2661.5085939636401235 2346.0957938661999833 1767.3169352286899993
188000 0.5119988242395689948 309.30687259528298227 -1459.9198960107601124 -289.23864975410100442 2626.7353629089898277 2337.4967131548801262 1286.272519685719999
189000 0.5119988242395689948 307.6001644798989787 121.26440141255399396 -312.21260770541397278 2612.2414380788500239 2300.0288303734300825 2387.3459995686498587
190000 0.5119988242395689948 308.31516399903699721 -1127.0343779163499676 -266.60844982171198581 2618.3134483954099778 2351.7049985736898634 1540.177045447969931
191000 0.5119988242395689948 310.95727490263499249 528.7727285758310245 -269.13767465386501954 2640.7511203584499526 2371.613445704590049 2752.3594624172201293
192000 0.5119988242395689948 313.03774080375200128 1044.7229681258600067 -318.45342613352198669 2658.4191188349700496 2339.9656927014498251 3092.2248149777901745
193000 0.5119988242395689948 303.95025482337297262 -418.8704120281290102 -403.43913672229700751 2581.2452087167998798 2177.8060719945001438 1876.1958862195399433
194000 0.5119988242395689948 307.78795936201100858 509.14361724234498752 -320.53696407630201293 2613.8362537829898429 2293.2992897066901605 2659.9112455119798142
195000 0.5119988242395689948 303.7260494908790065 41.694102693985001906 -305.01993345698002713 2579.3411835314700511 2274.3212500744898534 2304.3433421061699846
196000 0.5119988242395689948 310.5712803540499749 -450.6180716829640005 -314.10507220388399219 2637.4731281103299807 2323.3680559064500812 1998.8977748575100577
197000 0.5119988242395689948 311.68725403133100826 249.52182446768100021 -184.90535609906899595 2646.9503424301901759 2462.0449863311200716 2641.7146924538601525
198000 0.5119988242395689948 307.32966065758000695 303.97480800712401106 -255.18056978167101079 2609.9442309397800273 2354.7636611581101533 2573.6425690046198724
199000 0.5119988242395689948 318.00798858375998179 -399.10052318831702678 -272.45144061233901311 2700.6280923913100196 2428.1766517789701538 2140.8018946103297822
200000 0.5119988242395689948 313.49159865784099566 755.03458390051503102 -298.10035437130102309 2662.2734285212300165 2364.1730741499300166 2907.840314846469937
201000 0.5119988242395689948 313.91056726787599018 216.80446032288901392 -407.97764367287902587 2665.8314473091500076 2257.853803636270186 2413.9651728738699603
202000 0.5119988242395689948 302.19244850206399633 -731.71081158633694486 -362.06332835157098771 2566.3173411702900921 2204.2540128187201844 1677.3811961221699676
203000 0.5119988242395689948 313.21932250166400991 -416.23554724048000253 -296.74623327601898382 2659.9611701420099052 2363.2149368659897846 2063.502001494200158
204000 0.5119988242395689948 309.36965992567797912 -78.346375163277002684 -314.36335117740600253 2627.2685735024201676 2312.9052223250200768 2256.4914387555900248
205000 0.5119988242395689948 309.82348891176098959 -297.90455762059099243 -349.45959417411199865 2631.1226380321099896 2281.6630438580000373 2067.1550566929399793
206000 0.5119988242395689948 306.85304464813998493 579.39460476480098805 -357.19020670656800576 2605.8966515374199844 2248.7064448308501596 2665.9030511368300722
207000 0.5119988242395689948 310.6136660082789831 438.09920999051900026 -284.73986956503500778 2637.8330809814401618 2353.0932114164002087 2668.5492100230299002
208000 0.5119988242395689948 323.0153888695829778 -285.98888329951000742 -310.05069452096699933 2743.1525772068198421 2433.1018826858598914 2227.1738492306199078
209000 0.5119988242395689948 309.36961775420900267 -279.68125378329597197 -403.37346585577802216 2627.2682153684800141 2223.8947495126999456 2022.5085630238600061
210000 0.5119988242395689948 306.38696220461201847 -378.98611242878598659 -337.72914687955397994 2601.9385266300300827 2264.2093797504799113 1991.3181262902101025
211000 0.5119988242395689948 308.14217250309297924 -376.0284312189639877 -379.39682291322600349 2616.8443478996300655 2237.4475249863999124 1966.6859678559299027
212000 0.5119988242395689948 319.37161020244201382 -585.67591416084303546 -291.55434200357899499 2712.2084142165699632 2420.6540722129998358 1998.9345709030999387
213000 0.5119988242395689948 314.71824886960098411 1165.5550507170999026 -329.54969026721198588 2672.6905442552401837 2343.1408539880198987 3182.4058516649702142
214000 0.5119988242395689948 299.50651686593397471 -1265.7294961911700284 -358.54422759890002226 2543.5075291807302165 2184.96330158182991 1273.5670856527999604
215000 0.5119988242395689948 307.94111382511101738 -1176.1140641573599623 -389.23080166907101329 2615.1368916926398924 2225.9060900235699592 1379.0380105488500249
216000 0.5119988242395689948 311.31502231182798823 -85.548295346697798891 -293.21246337525201398 2643.7892286385299485 2350.5767652632798672 2288.977195297669823
217000 0.5119988242395689948 309.85457102861897738 386.00756060016800575 -431.93743505278297334 2631.38659755819981 2199.4491625054201904 2477.3962523928198607
218000 0.5119988242395689948 313.35851395061501989 -431.03572503162200746 -372.01920466262998843 2661.1432295579797938 2289.1240248953499758 1978.7541315601699807
219000 0.5119988242395689948 306.00755193137001697 -969.09315312769399497 -360.48128291232598031 2598.7164502066698333 2238.2351672943400445 1540.4337529312299466
220000 0.5119988242395689948 318.14518579421297773 -19.983585732294400827 -351.47430837216199961 2701.7932160801701684 2350.3189077080101015 2335.9296053555599428
221000 0.5119988242395689948 304.18056864795499905 -324.96769867638801088 -285.46264346540198176 2583.2011092194998128 2297.7384657541001616 2063.7434994014301992
222000 0.5119988242395689948 307.99690484174897165 1.5329470971376899513 -351.66222873525498471 2615.610687296029937 2263.9484585607801819 2265.052266434230205
223000 0.5119988242395689948 310.75334748382499583 630.86475844373501332 -318.86334067452401086 2639.0193018638901776 2320.1559611893699184 2774.4139644505598881
224000 0.5119988242395689948 304.57334786176301122 220.18682105140499061 -357.61412747727598571 2586.5367190689298695 2228.9225915916499616 2387.4694502273800936
225000 0.5119988242395689948 307.58368074725598262 -364.55968635226201968 -275.91251186040000221 2612.1014528173400322 2336.1889409569398595 2073.6855232665398034
226000 0.5119988242395689948 312.28906327275001331 -612.8959253520739594 -310.42600505765102525 2652.0611038009101321 2341.6350987432601869 1900.3156629514101041
227000 0.5119988242395689948 303.84130901718498308 429.22454091221197814 -324.56790271721001773 2580.3200052146798953 2255.7521024974698776 2564.8178417003900904
228000 0.5119988242395689948 301.46737653651899791 432.25333157182501509 -344.3876945610369944 2560.1597923367698968 2215.7720977757298897 2527.0187360999198063
229000 0.5119988242395689948 308.57575623811698051 -283.64709330856101133 -339.26651433107497269 2620.5264831202598543 2281.2599687891902249 2077.0181554486498499
230000 0.5119988242395689948 311.07982409197302331 47.237542614494500981 -362.23860008257702248 2641.79184824990989 2279.5532481673299117 2313.5669278028199187
231000 0.5119988242395689948 312.13789613350098762 185.73749157345301342 -399.43101771361301644 2650.7773428969198903 2251.3463251833100003 2385.0877347700998143
232000 0.5119988242395689948 323.58414798947200097 467.69441233785101986 -425.13136038927700611 2747.9826661106098982 2322.8513057213299362 2659.6175096365900572
233000 0.5119988242395689948 315.66452410626197889 -168.45515630907399895 -405.20779342853597882 2680.7266237846902186 2275.5188303561599241 2154.2216713061197879
234000 0.5119988242395689948 300.00108063182301521 346.70988819460598052 -317.85451104494899255 2547.707526814710036 2229.8530157697600771 2479.5035778184501396
235000 0.5119988242395689948 309.01752879605197677 -1020.8779224841099449 -305.16279765223697495 2624.2781605096301973 2319.1153628573902097 1584.0260106084899689
236000 0.5119988242395689948 304.61691416542799971 -1256.4712183255899163 -415.19533471963302418 2586.906698402100119 2171.7113636824601599 1266.9816269957300392
237000 0.5119988242395689948 315.99664015542401785 -1309.495480240660072 -317.9898147831909796 2683.5470621525901151 2365.5572473694001019 1422.6470686472600846
238000 0.5119988242395689948 310.88339993788900983 -326.16454876202499236 -316.78203922632201284 2640.1237499392200334 2323.3417107128998396 2088.4849451824798052
239000 0.5119988242395689948 312.54430687598801342 -1017.2832423074099779 -428.15470084030897624 2654.2287161567501244 2226.0740153164401818 1493.5730343746599829
240000 0.5119988242395689948 312.67574819774898742 -589.66899112428495755 -329.13101518053298378 2655.3449589518700122 2326.2139437713399275 1901.6192031268599294
241000 0.5119988242395689948 310.42902364145101046 642.71365569823797159 -279.31644242841798587 2636.2650374705699505 2356.9485950421499183 2819.738468780560197
242000 0.5119988242395689948 311.28142790296601561 -742.43941723712998737 -303.78687513588397451 2643.503933905140002 2339.7170587692498884 1805.1190443730799871
243000 0.5119988242395689948 309.27343318055000054 -124.45677153872600229 -415.21759246125901655 2626.4513844365501427 2211.2337919752899325 2121.6179372697902181
244000 0.5119988242395689948 310.35696574867398567 -945.46173467156700099 -343.48137842697002498 2635.6530982221997874 2292.1717197952298193 1611.3862519062699903
245000 0.5119988242395689948 315.04458044261400573 -67.972052471348206382 -312.36929890178100777 2675.4618589553401762 2363.0925600535601916 2314.1488705861597737
246000 0.5119988242395689948 310.21465612950902369 -454.54565887401497548 -346.01001484287502308 2634.4445582825301244 2288.4345434396600467 1961.1361793647399736
247000 0.5119988242395689948 306.82533404703599444 -526.65357927980903696 -377.07877298824098489 2605.6613240284100357 2228.582551040170074 1849.3624406568098948
248000 0.5119988242395689948 308.11655451535597194 -126.56148171699899763 -328.37297369658000434 2616.6267915493499459 2288.2538178527702257 2197.1224537924799733
249000 0.5119988242395689948 311.86963784944697409 -848.24667041997997785 -406.98676662184499264 2648.4992056049600251 2241.5124389831198641 1630.7272689119899951
250000 0.5119988242395689948 307.81223219271197422 194.189731728473987 -357.02107623380999257 2614.042386618729779 2257.0213103849200706 2396.8488068619899423
251000 0.5119988242395689948 306.68277332655401324 249.1857766688760023 -332.93196588321399076 2604.4506516540500343 2271.5186857708399657 2450.9464186337900173
252000 0.5119988242395689948 299.64442943545600428 163.99825765405600464 -351.53717551330498736 2544.6787279333198057 2193.1415524200201617 2311.2294945076700969
253000 0.5119988242395689948 309.21682295561998899 -63.893332169765798767 -397.27401427216699403 2625.9706318477701643 2228.696617575610162 2182.6898354488898804
254000 0.5119988242395689948 310.76362525272998028 545.12720526645705377 -398.56408707613900333 2639.1065840468199895 2240.5424969706900811 2633.0646540151901718
255000 0.5119988242395689948 313.67464157866601226 -127.37644916844099896 -310.28513052157200036 2663.8278890122801386 2353.5427584907101846 2261.8245721642201715
256000 0.5119988242395689948 303.04679597883801989 -360.84172395545499512 -404.9402530275399954 2573.572740025890198 2168.6324869983500321 1908.8062107268799537
257000 0.5119988242395689948 310.21785282708998466 -732.37914213287297116 -317.91667862368501574 2634.471705686380119 2316.5550270626899874 1789.2009748944799412
258000 0.5119988242395689948 303.61863588868499164 120.03238175296900181 -327.96063600395001458 2578.4289920079900185 2250.4683560040298289 2336.8984019560298293
259000 0.5119988242395689948 309.9273528710010055 -747.16410745840994423 -326.43741057211997258 2632.0046848239599058 2305.56727425183999 1767.5672179485500237
260000 0.5119988242395689948 311.39167518943997948 -437.29875881606801613 -386.0445710394359935 2644.4401900045099865 2258.3956189650798478 1943.5159900911799014
261000 0.5119988242395689948 303.98346513904999711 123.44627797562100113 -473.03002339582798186 2581.5272416049501771 2108.4972182091200921 2197.3854608834499231
262000 0.5119988242395689948 312.25993403783002123 31.29077779420590133 -281.82829736485200556 2651.8137287884601392 2369.9854314236099526 2392.5165461372498612
263000 0.5119988242395689948 296.07459759836302737 754.96685065590702379 -378.26343099914402046 2514.3625456660101918 2136.0991146668698093 2679.7175836289898143
264000 0.5119988242395689948 304.90219118627300077 87.073182064644100819 -354.99357154152102112 2589.3293643861798046 2234.3357928446598635 2297.0333667586901356
265000 0.5119988242395689948 312.2593786793930235 -944.01474540211199837 -347.82061062752597991 2651.8090125025601083 2303.9884018750299219 1624.2448474033099046
266000 0.5119988242395689948 314.37803788530999327 -204.63340659014500034 -383.20762842653897451 2669.8013610444400001 2286.5937326179000593 2139.2462045875099648
267000 0.5119988242395689948 305.41112359203498272 310.46575397792997819 -382.88720254739399707 2593.6513852204598152 2210.7641826730700814 2434.316935613179794
268000 0.5119988242395689948 301.0315310831550164 -891.77952503514097771 -374.12889223626797275 2556.4584498625099513 2182.3295576262398754 1540.1982910279900807
269000 0.5119988242395689948 311.71224253233299351 -1032.2364431417599917 -370.21670783439498109 2647.1625529727398316 2276.9458451383397914 1533.6777210609500344
270000 0.5119988242395689948 299.86092948675701564 -977.5895985184699839 -412.57451130768998837 2546.5173173447101362 2133.942806037020091 1430.023474534980096
271000 0.5119988242395689948 308.2808253300800061 -440.75061359566399233 -295.28638338632998739 2618.0218331612900329 2322.735449774960216 2005.3702918891199261
272000 0.5119988242395689948 306.10570029143701731 592.59794514646398511 -421.46007047006702351 2599.5499582565698802 2178.089887786500185 2604.7936395747301503
273000 0.5119988242395689948 310.53482591432998561 -904.19075205226795333 -319.82892018842500192 2637.1635450572798618 2317.3346248688599189 1666.2665788303800127
274000 0.5119988242395689948 312.14397268313598488 674.13728897985299682 -324.19533344463900448 2650.828946948509838 2326.6336135038700377 2812.0502653570201801
275000 0.5119988242395689948 311.46746811994501059 -40.913490714969796613 -314.30146454820601321 2645.0838484177397731 2330.782383869539899 2301.3223762373600039
276000 0.5119988242395689948 308.07825480076201075 195.34725144555301313 -372.85935724154302306 2616.3015378171298835 2243.4421805755901005 2384.1031561595200401
277000 0.5119988242395689948 313.87495661961997939 -1185.2960255674299788 -309.91357640642701199 2665.5290300098399712 2355.6154536034100602 1502.1358470139900874
278000 0.5119988242395689948 309.42610722487802377 591.50964796071900764 -324.44489671487400528 2627.7479424724901946 2303.3030457576101071 2729.2231625433601039
279000 0.5119988242395689948 311.37499543632901577 -891.7571786949580428 -351.05075914441999885 2644.2985400729298817 2293.2477809285101102 1651.1326049483100178
280000 0.5119988242395689948 325.44766703839400179 -72.43547235230920478 -445.11361944491397935 2763.8082807960799983 2318.6946613511599935 2266.5370592730000681
