Step Density Temperature Pressure KinEng PotEng TotEng

151000 0.39067096407034102024 278.78550989455101217 -4372.1364969430896963 -817.81038870667998708 1661.182292726409969 843.3719040197349841 -2304.8115513157099485
152000 0.39067096407034102024 340.40685962486298877 -1203.7382274345100086 -1193.5187270005399114 2028.3616883291999784 834.84296132866097651 -31.916064793635101182
153000 0.39067096407034102024 301.66822661586201093 -1326.5395402887199907 -1338.9818129408399727 1797.532147642820064 458.55033470197400902 -496.63252303934899601
154000 0.39067096407034102024 295.19822841144002723 -1440.249991123790096 -1390.4437641266199535 1758.9797621360401081 368.53599800941401554 -668.52476090631000716
155000 0.39067096407034102024 323.49911518201099625 -455.51819386787900612 -1314.8954766664799081 1927.6145379875899835 612.71906132111303123 284.72041751349098604
156000 0.39067096407034102024 311.33240151292397968 1046.5894369333200302 -1414.1377841125399755 1855.1174798894001015 440.97969577685302056 1194.5827802610699564
157000 0.39067096407034102024 301.5101825516160261 298.68722337946900325 -1480.5110914909998883 1796.590420072059942 316.07932858105999685 531.15087898228296126
158000 0.39067096407034102024 302.68748531073401864 52.535330027889600046 -1424.0052042173799691 1803.6055425486999866 379.60033833131899428 417.42872198997798705
159000 0.39067096407034102024 313.15386151928601066 -157.41376303036199147 -1475.3248379956798999 1865.9709030483800234 390.64606505270597836 277.29932833468001263
160000 0.39067096407034102024 318.73072043944301868 -28.077996644822800221 -1503.6280615136399774 1899.2013937245299076 395.57333221088902064 375.35560008884800709
161000 0.39067096407034102024 305.77210745954801041 132.02872845377299882 -1444.4214128362400515 1821.9856932792799853 377.56428044303999059 472.63236874214999261
162000 0.39067096407034102024 304.12287986877299772 -13.129898271610400684 -1506.7543356529799894 1812.1585409588099083 305.40420530583298842 295.94994226124998704
163000 0.39067096407034102024 307.12223206931099639 305.44101755648802055 -1433.8927116776098956 1830.0305988253398937 396.13788714772601907 616.07254809083201508
164000 0.39067096407034102024 310.96163514248399906 -223.78910251313598678 -1468.8552122838600553 1852.9082168270999773 384.05300454324600423 222.91230124891501418
165000 0.39067096407034102024 301.67048234920599725 -561.47617580465100673 -1456.5183985494400076 1797.5455887441401046 341.02719019470100648 -63.267142443154803289
166000 0.39067096407034102024 312.79113195154900495 -133.7923780454740097 -1527.3731771358700371 1863.8095283944298899 336.43635125856599188 240.09833635275398933
167000 0.39067096407034102024 315.41019669102297485 -565.06500734507903871 -1506.3715491680000014 1879.4155904539900348 373.04404128599202295 -33.834451312894302077
168000 0.39067096407034102024 311.12423286950797774 -353.25412864644897581 -1526.6963730484399093 1853.8770780318100151 327.18070498336300034 72.817922826114795498
169000 0.39067096407034102024 321.09432886570897381 0.57162062624406895228 -1609.938509788240026 1913.2852837593400182 303.34677397110101538 303.75837287692797872
170000 0.39067096407034102024 307.5011389384860081 -563.23962169513197296 -1485.0874632245599969 1832.2883681832399816 347.20090495867901836 -58.363207609577500534
171000 0.39067096407034102024 320.04486051600900964 -353.82510603205599864 -1516.2727122777901059 1907.0318804172600267 390.75916813946997763 135.98525024572398934
172000 0.39067096407034102024 301.93625110310699711 -1167.4791974255099376 -1499.3004064904700954 1799.1292088831798992 299.82880239271702294 -540.82168881520397008
173000 0.39067096407034102024 308.38599161098602508 -329.01947951694199901 -1541.9873929171999407 1837.5608860834099687 295.57349316621099433 58.661017395489800208
174000 0.39067096407034102024 304.76635470719401155 14.439043520545400412 -1530.7024931375299275 1815.9927754131199436 285.29028227559700781 295.68720331272197654
175000 0.39067096407034102024 315.18970685447197866 482.41380136239598642 -1516.6140671916000429 1878.101771050879961 361.48770385928099813 708.85269329555194417
176000 0.39067096407034102024 309.40939560684699927 256.9691284406790146 -1450.916906636449994 1843.6589813426398905 392.74207470619199967 577.77425731406299292
177000 0.39067096407034102024 305.51611007929301422 325.60219975374599244 -1536.1776152455599913 1820.4602972311599842 284.28268198559999291 518.73452469505502904
178000 0.39067096407034102024 313.60625928542697238 131.20476973016300803 -1589.2540110283000558 1868.6665781523900023 279.41256712409102647 373.88735893683400491
179000 0.39067096407034102024 314.07979171624998571 -574.23508789882305337 -1557.772928822879976 1871.488187099759898 313.71525827687599985 -99.766206553909995591
180000 0.39067096407034102024 309.31165925440700448 -503.49692412146299603 -1529.0335413840800811 1843.0766056729401043 314.04306428885399782 -48.502955818190898185
181000 0.39067096407034102024 311.2453569152959858 161.7158588825789991 -1586.6089841807299763 1854.5988125299900275 267.98982834926897567 384.4343153307380021
182000 0.39067096407034102024 305.6137190585790222 -704.22844740787900264 -1480.6061836122798923 1821.0419139301900486 340.43573031790401728 -166.64824303383301185
183000 0.39067096407034102024 319.36664878810000801 766.69652020825503769 -1496.8451305641599447 1902.9906613684399872 406.14553080427498344 958.21001961209094588
184000 0.39067096407034102024 312.19641999398902499 -67.671663632932393284 -1569.5763865901599274 1860.2658543579100296 290.68946776775300123 241.96207510899799331
185000 0.39067096407034102024 300.77297747168898923 -101.24151329723399328 -1523.1073818526399464 1792.1976809180500823 269.09029906541201171 196.19073214239401182
186000 0.39067096407034102024 303.73862596616999099 714.18544912422896687 -1503.0403441752600884 1809.8689105574499081 306.82856638219197976 821.08213933130605255
187000 0.39067096407034102024 309.5661219477850068 -963.87391217967797274 -1517.5574516045101063 1844.5928570755199871 327.03540547100902813 -367.00786272867702564
188000 0.39067096407034102024 315.21377526997400764 -68.05297869203299399 -1595.0429841201998897 1878.2451860571400175 283.20220193693398869 234.20024105251400215
189000 0.39067096407034102024 307.84019532126802687 -98.613571217481293729 -1533.7968469306499628 1834.3086828671901003 300.51183593654502602 229.50453467880001313
190000 0.39067096407034102024 308.66212678128397329 -88.099673833939405654 -1588.8846143005500835 1839.2062759584800915 250.32166165793699975 186.88495610714400641
191000 0.39067096407034102024 311.04314818697702094 -670.64068833116402857 -1524.0031062863999978 1853.3939236566600357 329.39081737025702523 -153.50808593596900664
192000 0.39067096407034102024 323.26809627070099395 264.12716963342899135 -1521.1795944135499212 1926.2379796259399427 405.05838521239098782 595.24475888254596612
193000 0.39067096407034102024 309.08791310139702091 155.28846662757499075 -1475.4523171191299298 1841.7433830546299305 366.29106593550500293 478.10747006267598636
194000 0.39067096407034102024 308.84911471603800237 519.76673973215304159 -1520.077455374550027 1840.320469613260002 320.24301423871497718 694.50421395251396461
195000 0.39067096407034102024 310.58726634746398076 -298.7306211778320062 -1492.743499471549967 1850.6774882161600999 357.9339887446159878 142.83118949494098615
196000 0.39067096407034102024 309.92464106017399672 -964.4884673192250375 -1450.4434756304599432 1846.7291431448099956 396.28566751434601656 -298.20011484839699278
197000 0.39067096407034102024 312.355042567915973 -172.59271030369299638 -1579.4924314247300572 1861.2110290591899684 281.71859763446201441 157.44216768551299879
198000 0.39067096407034102024 298.78531226595197268 -91.160985492837696142 -1569.4057710839299489 1780.3539009278799767 210.94812984395500166 145.30710822871398591
199000 0.39067096407034102024 312.90947511094498168 170.08298711554098759 -1590.7149185485600356 1864.514692593709924 273.79977404515398121 396.26906256017497299
200000 0.39067096407034102024 303.71456449874699501 -665.25629286695698283 -1565.428352217840029 1809.7255369522799811 244.29718473444700066 -234.72465189528099927
201000 0.39067096407034102024 311.34783212876101288 110.68650100314499696 -1529.9482111395500397 1855.2094253631898937 325.26121422364099089 404.96170194416498589
202000 0.39067096407034102024 313.81209514153897544 -467.54344729430198413 -1484.5426800418599669 1869.8930797718999202 385.35039973004398917 48.69289911185590114
203000 0.39067096407034102024 309.9531825777229983 1180.3678290044299501 -1517.3173488880700006 1846.8992117526699985 329.5818628645980084 1179.5128915687801054
204000 0.39067096407034102024 308.94380573380698252 56.299686440789201924 -1561.8686622899699614 1840.8846992321400649 279.01603694217499196 319.55496831300297345
205000 0.39067096407034102024 311.82800610960998711 -669.81340918917794625 -1473.8231823348301077 1858.0706089114898987 384.24742657666001833 -98.055789355768595783
206000 0.39067096407034102024 319.81096528619400488 328.48249517291600341 -1591.8043239558699042 1905.638183111150056 313.83385915527901489 550.35967608567796105
207000 0.39067096407034102024 302.43736592778100203 -624.22646314529197298 -1521.0987411787100427 1802.1151713662600287 281.01643018755100911 -168.4616282011980104
208000 0.39067096407034102024 307.53381387826198079 -459.69069538288101739 -1531.7901365617499323 1832.483066363179887 300.69292980143001159 -30.31014907954200055
209000 0.39067096407034102024 321.44726713438899424 521.11678168353398632 -1560.2505953766999482 1915.3883155940300185 355.13772021732302164 730.37102584280000883
210000 0.39067096407034102024 307.11525083203900977 -425.69286949790301833 -1541.5059306865700819 1829.9890001506400949 288.48306946407097939 -18.039668274006501747
211000 0.39067096407034102024 312.32604695498497449 43.701026854482300621 -1534.1359392394199403 1861.0382546607399945 326.90231542131999731 358.36950539140502769
212000 0.39067096407034102024 313.63084811556899467 -600.18067027153097115 -1545.9545492379299958 1868.8130941217700638 322.85854488384001115 -109.30519421306499339
213000 0.39067096407034102024 299.04255086187600909 -635.86564965709601438 -1577.0674785414300914 1781.8866929324499324 204.81921439101500937 -253.03971098019098918
214000 0.39067096407034102024 312.55633507397999438 1262.3083964846100571 -1535.6950871386400195 1862.4104584945901024 326.71537135595701784 1235.6482036502800383
215000 0.39067096407034102024 305.60765104077398746 -175.16080383511499008 -1621.1918448138299027 1821.0057568008899125 199.8139119870510001 73.688310683770595233
216000 0.39067096407034102024 308.45048064476901573 -357.79620005970497232 -1526.3689831265899102 1837.9451529738801128 311.57616984728900889 53.94284156547210074
217000 0.39067096407034102024 311.63800805479598921 290.47722231083702127 -1561.8162105050500941 1856.9384790370600058 295.12226853201298127 504.28215776926697345
218000 0.39067096407034102024 311.32908636725397855 -178.64036867799100605 -1591.2877404896998996 1855.0977261321600054 263.80998564245402349 135.17890252775998761
219000 0.39067096407034102024 315.08267683612200472 338.45623232153297977 -1542.9200710037400768 1877.464017778339894 334.54394677460300045 578.25141375208897898
220000 0.39067096407034102024 313.29255699169198124 -991.07818928685105675 -1543.3370457333398917 1866.7973393396000574 323.46029360625698246 -390.17157965254398277
221000 0.39067096407034102024 306.80743849780799337 -481.08916475393897372 -1533.5722520630099552 1828.1548574819601072 294.58260541894702556 -51.828571377212803384
222000 0.39067096407034102024 313.90883254951802428 176.31006872853899381 -1574.5443691455600401 1870.4695030918899192 295.9251339463299928 422.87827042052799698
223000 0.39067096407034102024 312.33962917392102554 -681.69208273773301698 -1542.5198462336800276 1861.1191862041400782 318.59933997045698106 -172.25718704067199383
224000 0.39067096407034102024 303.97177536926500352 -912.70501008723203995 -1568.7714204279100159 1811.2581637511600547 242.48674332325001046 -414.71204595686299399
225000 0.39067096407034102024 320.38156150815700585 231.84204778017499393 -1515.4557917292299862 1909.0381601780300116 393.58236844880201488 560.52164392269298787
226000 0.39067096407034102024 300.70786499117099311 -398.19750138789299854 -1524.5365918056299961 1791.8096991333700316 267.27310732773798918 -19.451423505589598761
227000 0.39067096407034102024 310.47639956931402594 -411.19621872635002546 -1520.1147821585100246 1850.016873075930107 329.90209091741598968 33.817754667645900213
228000 0.39067096407034102024 315.07040939689699144 68.712215134515801651 -1475.7463859383299223 1877.3909205329800898 401.64453459465198648 451.12118268584902125
229000 0.39067096407034102024 310.57097787583899162 -841.40272048525196169 -1541.6614209229999233 1850.580431089169906 308.91901016616202469 -296.93813216183900749
230000 0.39067096407034102024 306.15545130669602258 -367.88183935752499565 -1581.9803475200999401 1824.2699009884499901 242.28955346835201112 -22.606000683146000085
231000 0.39067096407034102024 306.88023202592199823 66.960605831501197827 -1544.9979872057499506 1828.5886078586299845 283.59062065288497934 331.80601182042101982
232000 0.39067096407034102024 318.36767869571298206 389.5342775209180104 -1500.4882755241799259 1897.0381589264600279 396.54988340227799881 677.03640724132594642
233000 0.39067096407034102024 311.41122916413502253 -120.551764324616002 -1553.729976084719965 1855.5871854290398915 301.85720934431901696 215.0531788151700141
234000 0.39067096407034102024 296.77619254548199024 142.26576474183698906 -1523.6783216530400296 1768.3822812232799606 244.70395957023299616 347.14328806193202581
235000 0.39067096407034102024 307.01419485859099723 -113.30610680582699956 -1620.66633603622995 1829.3868440567700873 208.72050802054201313 127.13375722170999893
236000 0.39067096407034102024 307.7102728403809806 530.41948214711396759 -1564.0216730096599349 1833.5345216679299938 269.51284865827301473 651.44462028769703466
237000 0.39067096407034102024 319.18324590956797238 -242.96061856810700874 -1540.8071600211999339 1901.897829770530052 361.09066974932102312 186.14539980887698789
238000 0.39067096407034102024 310.51843599748298175 -781.03971016653804327 -1544.8270422798600521 1850.2673529884300478 305.44031070856999577 -256.95207919633497795
239000 0.39067096407034102024 310.18772131032602601 -506.849614169028996 -1517.4970907914600957 1848.2967434597699139 330.79965266831197823 -34.160492282729997271
240000 0.39067096407034102024 307.86350916940398292 181.60387821657698737 -1506.0497381113600568 1834.4476016786900345 328.39786356733497996 459.16283973537497332
241000 0.39067096407034102024 307.45240980251099927 -301.60413837786700242 -1542.641605545909897 1831.9980088390500441 289.35640329313702068 72.184510520398703193
242000 0.39067096407034102024 306.2253748235709736 48.041713745721899897 -1525.8752347734300656 1824.6865500034000434 298.81131522996798822 333.40404317567401904
243000 0.39067096407034102024 318.40343877610001755 -93.916095034118200147 -1567.2890313108900955 1897.2512403464600084 329.96220903556599069 262.33735405154499176
244000 0.39067096407034102024 312.35722299453800588 -532.57413788315000147 -1552.1782438352399822 1861.2240214349299094 309.04577759969401995 -74.437466986915993061
245000 0.39067096407034102024 314.84627661434399215 -449.82799526385701938 -1542.3601512561199343 1876.0553941287000725 333.6952428725800246 9.7938611507327699712
246000 0.39067096407034102024 305.59695159412399335 -380.28777781674199332 -1586.1953620978399613 1820.9420026576999589 234.74664055985701339 -39.081884973601198396
247000 0.39067096407034102024 300.86419661813800985 -120.58332777506700495 -1566.4845460919200377 1792.7412229080800898 226.25667681616201321 139.42991883269598929
248000 0.39067096407034102024 303.91829555252400041 38.245116926393897927 -1543.4188261469998906 1810.9394968139099547 267.52067066690301544 295.05929953615799377
249000 0.39067096407034102024 301.10212723074101859 97.123826043777100381 -1572.256107642760071 1794.1589656046101027 221.90285796185500544 291.83745915367097723
250000 0.39067096407034102024 311.89369983309399004 -76.278346393624005373 -1543.0755980731898944 1858.4620541133399456 315.38645604015101753 260.46176915431101406
251000 0.39067096407034102024 305.51029804876498019 -392.20802747631802276 -1555.8030136814400066 1820.4256654377099949 264.62265175626498603 -17.789121987304401529
252000 0.39067096407034102024 321.6233730544229843 374.36237524979100044 -1556.4043969747199299 1916.4376672483299444 360.03327027360700185 629.59517367838395785
253000 0.39067096407034102024 303.26886833011099043 -259.41834225367301769 -1561.7573982532699119 1807.0697942504700677 245.31239599720200317 58.516642098718499199
254000 0.39067096407034102024 313.51532841320801026 96.742399490329106015 -1561.163128051510057 1868.1247538845200324 306.96162583300298365 376.62157851697202204
255000 0.39067096407034102024 313.55871133145097929 -9.4002415284516303018 -1622.0492409653700179 1868.3832570456700068 246.33401608029998897 239.56531503980900766
256000 0.39067096407034102024 295.88113319001399759 -248.1931672353099998 -1530.0182351929599918 1763.0489453809400402 233.03071018798499381 54.317711780040198732
257000 0.39067096407034102024 311.70961781293897275 -435.54084455605902804 -1588.542854793520064 1857.3651757554800952 268.82232096195497206 -44.791511065681596904
258000 0.39067096407034102024 304.98347608359699734 -716.84385581099195406 -1591.3642609338799048 1817.2865233772499778 225.92226244336600871 -290.24551239644301859
259000 0.39067096407034102024 319.03989979369498542 -406.9672153210859733 -1553.0555169628898966 1901.0436819724200177 347.98816500953398645 54.948948362575798399
260000 0.39067096407034102024 308.45429072970500783 305.99373139000601896 -1602.3048809146200711 1837.9678558956800316 235.66297498105600994 455.99562087898499385
261000 0.39067096407034102024 311.01580638118798561 -86.766075944464304825 -1616.126603435179959 1853.2310036984299586 237.10440026325099439 174.62795997742600207
262000 0.39067096407034102024 304.1734424680370239 -201.8722483664749916 -1470.6757223326699204 1812.4598252493899508 341.78410291671701771 196.42476364561798619
263000 0.39067096407034102024 311.56701589955599729 279.51711850715997798 -1578.4512670009999056 1856.515462391570054 278.06419539057498014 479.33219527633701773
264000 0.39067096407034102024 309.12749497242901953 558.16446807616000569 -1540.5868050779799887 1841.979237146540072 301.39243206855900326 703.30214943032899555
265000 0.39067096407034102024 323.50013904783099861 -419.89821209427401527 -1514.3746945321499879 1927.6206388347000029 413.24594430254398958 110.89568484372300361
266000 0.39067096407034102024 310.9374710023690227 -20.684668065999698428 -1533.1169208788498963 1852.7642314324000381 319.64731055355497347 304.75318960604698759
267000 0.39067096407034102024 305.80184674172602399 -1265.8083393902300031 -1544.3321303806699234 1822.1628989345199443 277.83076855384297232 -633.62221889981594813
268000 0.39067096407034102024 305.09120704021597703 -564.91348296566002318 -1575.267505286100004 1817.928453288099945 242.66094800200198733 -164.10843854662701347
269000 0.39067096407034102024 305.23565662940899301 -12.686417860953900671 -1575.3383557742299672 1818.7891762856900186 243.4508205114539976 234.31588823172000957
270000 0.39067096407034102024 305.27252863086300749 -155.96245481820599821 -1515.8178002566799023 1819.0088832422500218 303.19108298556801628 190.88936956571700421
271000 0.39067096407034102024 305.06709643174701796 -358.95241205484302327 -1517.877884068350113 1817.7847868691699205 299.90690280082100116 41.441037045277901996
272000 0.39067096407034102024 320.26267898974697346 -32.735225256491396806 -1509.4221594199400442 1908.3297821329499584 398.90762271301497321 375.33642482584497202
273000 0.39067096407034102024 318.64180942784901163 580.40805193575295107 -1517.5887598457100012 1898.6716050775401072 381.08284523183300507 799.00919033226102783
274000 0.39067096407034102024 310.7366902040590162 -1143.4931513271299082 -1570.7278433035598937 1851.5678510789300617 280.84000777536601845 -542.53918516942201222
275000 0.39067096407034102024 313.1650271147070157 -1591.4305362026200328 -1539.1521888094800943 1866.0374348039499637 326.88524599446799357 -819.03398317225298797
276000 0.39067096407034102024 304.50381846418900977 -124.67072474777799584 -1489.6394259710100414 1814.4284166405200267 324.78899066950998531 235.01907765557399443
277000 0.39067096407034102024 306.1136133328050164 67.067352422759896058 -1512.1981261511800767 1824.0206035934099873 311.82247744223701602 360.11473214153801337
278000 0.39067096407034102024 324.68647826948301827 159.98237471146501321 -1455.4935929871498956 1934.6896063320400572 479.19601334488601196 594.3922945140700449
279000 0.39067096407034102024 303.85571266759802711 -292.4271855525730075 -1525.8724508263198913 1810.5665879769098865 284.69413715058800562 74.130165030643297541
280000 0.39067096407034102024 297.03009553923197927 439.74454731365102589 -1489.3314562819500679 1769.8951975776699328 280.56374129572100173 597.20447504105402459
