Step Density Temperature Pressure KinEng PotEng TotEng

151000 0.75465454457802394472 305.14390144388801218 -4106.3957983689197135 1684.7386669752099806 4137.66126093856019 5822.3999279137797203 2865.564677568139814
152000 0.75465454457802394472 309.0223535090070186 -1590.2022602674999234 1642.0593882830598886 4190.2519264780603407 5832.3113147611102249 4687.2765131460600969
153000 0.75465454457802394472 308.36182743813998286 -383.3518346881670027 1659.8922723344699079 4181.2953878668204197 5841.1876602012898729 5565.1528418964198863
154000 0.75465454457802394472 310.16996553769700995 -585.44833160358405166 1776.6294618847200582 4205.8132069468001646 5982.4426688315297724 5560.8870397250702808
155000 0.75465454457802394472 309.20403866796402781 -1533.4223442022400832 1638.1774318858099377 4192.7155236214002798 5830.8929555072099902 4726.7428775225798745
156000 0.75465454457802394472 307.39950345028699985 533.79670307221203984 1704.6922496866100118 4168.2465585565396395 5872.9388082431496514 6257.3023683240198807
157000 0.75465454457802394472 302.5039539215520108 -823.48444303385497278 1581.5262193147800645 4101.8643515381299949 5683.3905708529100593 5090.4355930982301288
158000 0.75465454457802394472 310.7734904097030153 206.17498279066398936 1659.8533531929899709 4213.9968261215599341 5873.8501793145496777 6022.3077286567204283
159000 0.75465454457802394472 312.5783112983650085 -210.99313658471399435 1648.8307043642400913 4238.4696648006602118 5887.3003691649000757 5735.3734789020400058
160000 0.75465454457802394472 310.38185986793700977 493.88428739131200018 1681.5884957331300029 4208.6864315385400914 5890.2749272716800988 6245.8993098824603294
161000 0.75465454457802394472 313.23981994267899154 616.13880042335199505 1677.3063059433100079 4247.4395268178896004 5924.7458327612102948 6368.4003204560103768
162000 0.75465454457802394472 304.60699504058601406 207.57539890275398875 1631.9014440381899931 4130.3809685414998967 5762.2824125796896624 5911.7483400540895673
163000 0.75465454457802394472 308.03650873363102392 -524.93383122899194859 1808.497881809179944 4176.8841622295503839 5985.3820440387298731 5607.4002486907502316
164000 0.75465454457802394472 311.94606866707897552 -2880.6736623007100206 1686.6645508659998995 4229.8966412841900819 5916.5611921501904362 3842.3146149409799364
165000 0.75465454457802394472 309.39057626390200539 -160.3607209312440034 1669.7070912974199928 4195.2449183783201079 5864.9520096757396459 5749.4832980116898398
166000 0.75465454457802394472 310.92608519578300275 -1294.8107980944500923 1823.5172697211999093 4216.0659663927399379 6039.5832361139300701 5107.2468520141501358
167000 0.75465454457802394472 302.20070146550398249 -1773.9047915324899805 1754.1082157707201077 4097.7523377186298603 5851.8605534893604272 4574.5496278246400834
168000 0.75465454457802394472 311.16449791396297542 -2024.2009602971700133 1676.3141273568699035 4219.2987724998201884 5895.6128998566900918 4438.0746967522800333
169000 0.75465454457802394472 313.5261366032249839 -369.73501284739501216 1613.2704144352699132 4251.3218962478404137 5864.5923106831096447 5598.3623676979696029
170000 0.75465454457802394472 311.52884675022198735 -1203.7234991881400674 1744.4048906289799561 4224.2392352065098748 5968.6441258354898309 5101.895704876509626
171000 0.75465454457802394472 305.73795914636701809 -822.1814488097489857 1688.3434369270300976 4145.716508088129558 5834.0599450151503333 5242.0431961702097396
172000 0.75465454457802394472 310.85319062399702261 132.02303133912599264 1771.5413893702700534 4215.0775375092398463 5986.6189268794996678 6081.6829129365896733
173000 0.75465454457802394472 305.58304914962798193 -1727.4136032673200134 1694.2742694660898906 4143.61597424358024 5837.8902437096703579 4594.0555806954098443
174000 0.75465454457802394472 306.09714218638401917 -1302.8799359802499112 1638.4623285574400597 4150.5869241221098491 5789.0492526795496815 4850.9026368066497525
175000 0.75465454457802394472 306.93649798857200039 -1069.1883116524400066 1747.5361456319899389 4161.9683411205296579 5909.5044867525102745 5139.6289451870397897
176000 0.75465454457802394472 307.37597512534000543 -338.27873154247799903 1723.3002402923000318 4167.9275214130602762 5891.2277617053596259 5647.6481052425597227
177000 0.75465454457802394472 312.59912918235897905 -1203.953920994390046 1631.4458617413099546 4238.751949164619873 5870.197810905930055 5003.2834733250101635
178000 0.75465454457802394472 311.74044613969698503 -760.49611757732998285 1720.1770368502600377 4227.1084604885099907 5947.2854973387702557 5399.685646126949905
179000 0.75465454457802394472 308.00060593433101985 -1145.0031276387001071 1631.8009364123900014 4176.397330865330332 5808.1982672777103289 4983.7318067132300712
180000 0.75465454457802394472 313.07873152314800791 -907.56859645093402378 1632.2105249471198931 4245.2552153834403725 5877.4657403305600383 5223.9654569047097539
181000 0.75465454457802394472 311.67471121232500764 -741.08333493353904942 1662.3739021051198961 4226.2171142705701641 5888.5910163756998372 5354.9694572835196595
182000 0.75465454457802394472 307.49275087084498637 -1363.9124591746999613 1629.9990781562698885 4169.5109660636198896 5799.5100442198900055 4817.4165891088996432
183000 0.75465454457802394472 314.96953277919402581 -1665.5949779433199183 1578.9182782321099694 4270.8939224729601847 5849.8122007050596949 4650.4904145446398616
184000 0.75465454457802394472 316.89721739829798253 -318.95098671635702203 1697.1410788068499187 4297.0327570819199536 5994.173835888769645 5764.5112395481901331
185000 0.75465454457802394472 308.10567602387999386 -243.37487747787000103 1753.7134425040001133 4177.8220502752601533 5931.5354927792595845 5756.2919331932698697
186000 0.75465454457802394472 310.52191629322800281 69.410369987399306524 1722.051653273869988 4210.5855553372803115 5932.6372086111496174 5982.6165673470495676
187000 0.75465454457802394472 307.81340251715198519 427.49996840817601651 1716.4444238133999079 4173.858907768840254 5890.3033315822303848 6198.1272818729103165
188000 0.75465454457802394472 310.02618210665599463 310.77641518273702559 1702.1709065939999164 4203.8635460498699103 5906.0344526438802859 6129.8108990724804244
189000 0.75465454457802394472 319.10668723399101054 394.68080115818497688 1628.3394642725600079 4326.9925160779303042 5955.3319803504900847 6239.5242898114302079
190000 0.75465454457802394472 316.580297535167972 -929.75894760988103371 1678.0062544403399443 4292.735417255399625 5970.7416716957395693 5301.263091060840452
191000 0.75465454457802394472 308.04719809385500184 -317.48895931590101327 1721.6380449145799503 4177.0291067999396546 5898.6671517145196049 5670.05729708878971
192000 0.75465454457802394472 301.3143008023270113 -1836.1794677101199795 1674.4892117890199188 4085.7330062873202223 5760.2222180763401411 4438.0700333690901971
193000 0.75465454457802394472 311.96841432299100916 -553.14573313045002578 1666.3882477720001134 4230.1996417845402902 5896.5878895565401763 5498.291942792699956
194000 0.75465454457802394472 312.96088968549798892 418.12992614051597684 1713.5742566130500109 4243.6573148379702616 5957.2315714510195903 6258.3085658624595453
195000 0.75465454457802394472 312.5665130418390163 -1183.5923139528599677 1576.269275112339983 4238.3096839236195592 5814.5789590359499925 4962.3261203485399164
196000 0.75465454457802394472 318.99440499503202773 434.53816806897799552 1697.5007888093300608 4325.4700020501795734 6022.9707908595000845 6335.8626395890696585
197000 0.75465454457802394472 313.23631929766798976 -326.18509485256402058 1639.2635207740499936 4247.3920591045198307 5886.6555798785702791 5651.7840200107903001
198000 0.75465454457802394472 312.40510333195601334 -572.34685373130503194 1680.2756560514999364 4236.1210158867997961 5916.3966719382997326 5504.2748415951700736
199000 0.75465454457802394472 310.15354086913799847 -1179.6123670726399268 1675.2168377010200402 4205.5904932877801912 5880.8073309887995492 5031.420277239760253
200000 0.75465454457802394472 311.36781785410198609 961.16421535333097381 1706.379179108839935 4222.0557308919496791 5928.4349100007802917 6620.5270445330597795
201000 0.75465454457802394472 307.54939492897801756 -1154.3111751575399921 1639.4868742961300541 4170.2790427772397379 5809.7659170733695646 4978.5971403252997334
202000 0.75465454457802394472 316.8988370285100018 96.77890987147050339 1650.5139379652900971 4297.0547187896800096 5947.5686567549701067 6017.2548989607603289
203000 0.75465454457802394472 300.74383882854800731 -1351.2405058815800203 1596.881009886810034 4077.9977102562497748 5674.8787201430595815 4701.9097820118304298
204000 0.75465454457802394472 310.28409488897301571 -822.15137806910297513 1715.5754141288500705 4207.3607672725302109 5922.936181401380054 5330.941085175990338
205000 0.75465454457802394472 305.99442547055900832 -610.1286760212980198 1741.2563627423498929 4149.1941157654300696 5890.4504785077797351 5451.1236174139003197
206000 0.75465454457802394472 317.25425621240697183 1730.8822626889600542 1680.7608956976901027 4301.874098045320352 5982.6349937430104546 7228.9672860538403256
207000 0.75465454457802394472 317.83706026441802805 423.40427206619801836 1560.4575574423299713 4309.7767490152800747 5870.2343064576098186 6175.1091257065299942
208000 0.75465454457802394472 311.55189318966597511 -548.05711663212605345 1663.0158121291299267 4224.5517381247700541 5887.5675502538997534 5492.9356927246499254
209000 0.75465454457802394472 304.79585133531401198 -1248.2099489992399413 1596.1476760765399376 4132.9418041698199886 5729.0894802463599262 4830.3083207441395643
210000 0.75465454457802394472 311.69787337869098565 -1064.2766684265200183 1728.6741176169500704 4226.5311864117502409 5955.205304028700084 5188.8664210175002154
211000 0.75465454457802394472 314.2975532261580156 222.51874453487698702 1751.4184837690199856 4261.7820780232395919 6013.2005617922595775 6173.4265361040197604
212000 0.75465454457802394472 310.76082797752201259 481.91823044806000098 1607.8241471065900896 4213.8251272776396945 5821.6492743842300115 6168.657424971909677
213000 0.75465454457802394472 310.71913164158098652 -578.28155535914095253 1768.5288880300799974 4213.2597372661402915 5981.7886252962298386 5565.3934769791103463
214000 0.75465454457802394472 309.14714450888499186 -700.42345452727499833 1635.2832973991698964 4191.9440556127501623 5827.2273530119200586 5322.8831879078798011
215000 0.75465454457802394472 307.67820491433298002 -215.26899730229899887 1659.0716395187901071 4172.0256681690698315 5831.0973076878599386 5676.0915579296897704
216000 0.75465454457802394472 311.60972371625098276 118.44980709819300557 1612.464657621600054 4225.3359030004903616 5837.8005606220904156 5923.0910640761603645
217000 0.75465454457802394472 310.6966431462939795 713.9600200761300357 1670.6163718501300082 4212.9547999060096117 5883.5711717561398473 6397.6624231491696264
218000 0.75465454457802394472 310.97064806650797664 -463.68549297850199764 1701.4230622009599756 4216.6702257700399059 5918.093287971009886 5584.2137308037899857
219000 0.75465454457802394472 303.35697960136099027 -946.55469266721604527 1695.5796417882800142 4113.4311280433603315 5809.0107698316396636 5127.4383108956999422
220000 0.75465454457802394472 312.69388249860099904 37.438426618693803505 1655.5563187217899213 4240.0367761728102778 5895.5930948945997443 5922.5508615053104222
221000 0.75465454457802394472 313.26998831700097981 -654.62802449374498792 1616.1870210762599527 4247.8486010715496377 5864.0356221478095904 5392.6667347512102424
222000 0.75465454457802394472 306.72205760179002709 -1364.6148170760500307 1659.9760898291499416 4159.0605927533697468 5819.0366825825203705 4836.4374903962398093
223000 0.75465454457802394472 306.60770302412697674 -288.50556860079899479 1610.3778394463299719 4157.5099784243002432 5767.8878178706299877 5560.1476298695797595
224000 0.75465454457802394472 316.53760773032399811 -1835.0339841919399078 1728.732673192690072 4292.1565560987301069 6020.8892292914297286 4699.5618569528596709
225000 0.75465454457802394472 310.72129387935001432 -1703.0767063460800728 1635.3573423452498901 4213.2890565722500469 5848.6463989174999369 4622.3356664335997266
226000 0.75465454457802394472 306.79150371637899752 217.56375797445198828 1694.8265901715999462 4160.0022615748703174 5854.8288517464598044 6011.4869578725301835
227000 0.75465454457802394472 315.10796715873499352 -2204.1588528715501525 1691.9804409616399425 4272.7710518099702313 5964.7514927716101738 4377.6335154639400571
228000 0.75465454457802394472 311.8900462672659728 -1270.748926456469917 1665.7630128189900915 4229.1369940739496087 5894.9000068929399276 4979.8895196968896926
229000 0.75465454457802394472 309.18298466350597664 -956.58028193601205658 1567.1613548300799721 4192.4300375336197249 5759.5913923636999243 5070.7999469464202775
230000 0.75465454457802394472 313.8728780006309762 38.316779847807197257 1664.7215033883198885 4256.0236072793395579 5920.7451106676599011 5948.3353408590000981
231000 0.75465454457802394472 310.94567604839397745 -553.77790541289004977 1801.2631421598000543 4216.3316125732198998 6017.5947547330197267 5618.8436084753202522
232000 0.75465454457802394472 306.28546461254097721 258.64320193585899688 1646.2529258558899983 4153.1405206501303837 5799.3934465060201546 5985.6310559079101949
233000 0.75465454457802394472 316.08369675320699344 -1030.0957491277599729 1657.1772534285998972 4286.0016571902297073 5943.1789106188298319 5201.4522062758196626
234000 0.75465454457802394472 309.15155380880401026 -946.42903817007595535 1659.23771949666002 4192.0038444185402113 5851.2415639151995492 5169.7595832635697661
235000 0.75465454457802394472 313.72923312075300828 -1225.486074100200085 1585.8621990770400316 4254.0758250952903836 5839.9380241723301879 4957.5193288905802547
236000 0.75465454457802394472 311.66727885679802057 -1131.2667313106999245 1685.6337150112799463 4226.1163337227799275 5911.7500487340603286 5097.1745638255197264
237000 0.75465454457802394472 310.55521933116000355 -795.1497834113299632 1618.0633436450000318 4211.0371347044901995 5829.1004783495000083 5256.5480444537697622
238000 0.75465454457802394472 306.93098387937402549 916.7486006085119925 1740.1160438510100903 4161.8935714269100572 5902.0096152779296972 6562.1200164869296714
239000 0.75465454457802394472 310.65255735215697541 -365.10262162907798711 1692.1349847380799929 4212.3570095464601764 5904.4919942845399419 5641.597632748509568
240000 0.75465454457802394472 310.57779004869098571 -1675.9456851445199845 1674.5429149901899564 4211.3431869739797548 5885.8861019641699386 4679.1112261793496145
241000 0.75465454457802394472 309.15950417427001184 -1356.8192769016900456 1647.9943605758498961 4192.1116490282502127 5840.1060096041001088 4863.1200434960801431
242000 0.75465454457802394472 309.81576019515000553 -1075.3133915711400732 1805.3060297579399958 4201.0102870216896918 6006.3163167796301423 5232.0303741948500829
243000 0.75465454457802394472 304.29256699286702315 -2032.6443026405800083 1665.0504622086600648 4126.1174169966698173 5791.1678792053198777 4327.5499961339501169
244000 0.75465454457802394472 306.56667825475500422 -646.42730471055403996 1723.1670375099599823 4156.9536946573098248 5880.1207321672700346 5414.6568228886499128
245000 0.75465454457802394472 307.62889192336899669 -2514.5603910946201722 1640.6206739114400079 4171.3569985630001611 5811.9776724744397143 4001.353181171200049
246000 0.75465454457802394472 308.95820217411602471 -1720.5203025212599641 1683.567781367589987 4189.3820533068801524 5872.9498346744603623 4634.0787347549503465
247000 0.75465454457802394472 306.93115913810299844 -1023.9644237366800326 1701.6444196667600863 4161.8959478835604386 5863.5403675503202976 5126.2285613169597127
248000 0.75465454457802394472 309.88326967317198068 179.01223382178699239 1720.7257796418600719 4201.925695622800049 5922.6514752646598936 6051.5503221360695534
249000 0.75465454457802394472 311.66592861524702585 -1266.1840216718298961 1726.2525583687399831 4226.0980248457799462 5952.3505832145201566 5040.6270834508695771
250000 0.75465454457802394472 308.78282916686401904 -1617.7273073709700384 1668.4165333939999982 4187.0040470780495525 5855.4205804720595552 4690.5662014126401118
251000 0.75465454457802394472 309.14337979622501962 -761.73781685351696069 1602.967516191419918 4191.8930072199900678 5794.8605234114102132 5246.3665790896202452
252000 0.75465454457802394472 314.28417172773498578 -973.32311573315303121 1665.5729977707999296 4261.6006288532598774 5927.1736266240595796 5226.3264019802099938
253000 0.75465454457802394472 309.89251225571598525 -1252.3749323926099351 1690.418248605459894 4202.0510223147703073 5892.4692709202299739 4990.6890898138299235
254000 0.75465454457802394472 307.72077717202500935 976.90529362250902068 1623.7364335090198892 4172.6029354210495512 5796.3393689300701226 6499.7659625330597919
255000 0.75465454457802394472 310.0792149306029728 -1145.8156495946500399 1675.5874870344600822 4204.5826554935401873 5880.1701425279998148 5055.1186205912099467
256000 0.75465454457802394472 310.69934730025698855 -169.83075038358001052 1653.0102382979400772 4212.9914674358096818 5866.001705733739982 5743.7140418104800119
257000 0.75465454457802394472 314.21312118961998294 -219.26535507322600438 1681.7545023781399323 4260.6372045222096858 5942.3917069003400684 5784.5083554422099041
258000 0.75465454457802394472 313.05663089769399221 -1957.7952359614100715 1661.0353994558699924 4244.9555374237897922 5905.9909368796497802 4496.268579149589641
259000 0.75465454457802394472 302.52706639603599115 609.60128338515403357 1649.7423314037000637 4102.177749872050299 5751.9200812757499079 6190.8671900968602131
260000 0.75465454457802394472 309.74548008641102115 -1069.6524934241499523 1768.7525410521800495 4200.0573094856199532 5968.8098505378002301 5198.6000720666497728
261000 0.75465454457802394472 305.78808919350899487 -1079.9793498508199718 1692.2123802208800498 4146.3962567348598895 5838.608636955739712 5060.9629427553200003
262000 0.75465454457802394472 318.93266694832499297 -443.37618008160097816 1688.1266090707399599 4324.6328523546499127 6012.7594614253903273 5693.5037484350295927
263000 0.75465454457802394472 308.00994021209197626 -448.60439701213698527 1754.6937355850300264 4176.523900917390165 5931.2176365024197366 5608.197314137880312
264000 0.75465454457802394472 311.80184022237301633 -42.776290953183902843 1629.6648419181399277 4227.9409461332697902 5857.6057880513999407 5826.8044597869302379
265000 0.75465454457802394472 305.1468279605219891 -968.2344313511399605 1707.1666728093300662 4137.7009436405596716 5844.8676164498901926 5147.684529920679779
266000 0.75465454457802394472 314.03871253994498147 -771.68982704556901808 1626.4330168521798896 4258.2722746975596237 5884.7052915497297363 5329.0453418079696348
267000 0.75465454457802394472 311.74806601156200259 543.66493051624797772 1722.9447414119499626 4227.2117837024998153 5950.1565251144502326 6341.6257623384099134
268000 0.75465454457802394472 302.97913870806002024 -2037.1150724176300173 1689.3978154291598912 4108.3077170244396257 5797.7055324536004264 4330.8684444341297421
269000 0.75465454457802394472 309.12452050054702113 -169.46233666894198677 1677.452503339650093 4191.6372807356401609 5869.0897840752995762 5747.0673986862202582
270000 0.75465454457802394472 309.86181410419698068 -435.32650539718400751 1654.0934320058599951 4201.6347644386596585 5855.7281964445101039 5542.2687006308296986
271000 0.75465454457802394472 308.8641955515190034 -1302.3800540856500447 1711.4474218328400639 4188.1073512441698767 5899.5547730770103954 4961.7681002002500463
272000 0.75465454457802394472 313.13196085165202476 615.89838490414103944 1711.3058770539100806 4245.9769893709099051 5957.2828664248199857 6400.7642414639403796
273000 0.75465454457802394472 313.49184601637301739 730.79241549140294865 1691.5948506851900675 4250.8569260086896975 5942.4517766938697605 6468.6632967009099957
274000 0.75465454457802394472 308.70075880642798438 -1093.698753505500008 1622.229152543120108 4185.8911972080795749 5808.1203497511996829 5020.5959155725304299
275000 0.75465454457802394472 305.75391805614697205 -688.24574793796898575 1755.8654017062299317 4145.9329061955404541 5901.7983079017703858 5406.2227744347301268
276000 0.75465454457802394472 317.23718062335001378 -132.78723882438200121 1607.3577367617099299 4301.6425580964196342 5909.0002948581295641 5813.3860365569798887
277000 0.75465454457802394472 311.73646074536497963 631.83468016580104631 1713.3207125069500307 4227.0544197173803695 5940.3751322243297182 6395.3315335159795723
278000 0.75465454457802394472 309.36626526112598867 535.8550886963770381 1651.0329480740499548 4194.915268354429827 5845.9482164284800092 6231.7939295874202799
279000 0.75465454457802394472 302.74487570101399569 -1688.9340409607400488 1616.8345795087600436 4105.1311797758298781 5721.9657592845896943 4505.8385389603799922
280000 0.75465454457802394472 310.61616081356498853 -852.69925075999299224 1665.0799878185100624 4211.8634832231300607 5876.9434710416398957 5262.9521934370895906
