Step Density Temperature Pressure KinEng PotEng TotEng

151000 0.63332668440879702487 364.00133286814201483 -4070.9126358062399049 1428.6459885993499483 4013.4846567077602231 5442.130645307100167 2510.845261805950031
152000 0.63332668440879702487 305.53744821442001012 -2529.4884866729698842 859.19300492139097969 3368.8609071726300499 4228.0539120940202338 2406.6803548473199044
153000 0.63332668440879702487 305.78446883407599444 -1946.5656644666200918 915.75618179933201191 3371.5845605699100815 4287.340742369239706 2885.7043058392901003
154000 0.63332668440879602567 313.16535700196197922 297.76971502762899036 870.12058893544701732 3452.9663543706901692 4323.0869433061398013 4537.4978362426600142
155000 0.63332668440879702487 303.42173201830399876 -720.7583010466170208 877.54038136522103741 3345.5329857495098622 4223.0733671147299901 3704.0869721938202019
156000 0.63332668440879602567 309.42337718846602002 -1192.37406372327996 911.61226872147699396 3411.7072236723502101 4323.3194923938299326 3464.7433014150401505
157000 0.63332668440879702487 308.05063523178199603 -1432.993198795679973 874.94352601629600485 3396.5713483793701926 4271.5148743956697217 3239.679412897380189
158000 0.63332668440879702487 307.28972938145102489 573.3784360174199719 751.66775173861401527 3388.1815880138301509 4139.8493397524498505 4552.7139671899103632
159000 0.63332668440879602567 310.13923455485200975 780.86988155460994676 858.58523669145995427 3419.6002787162601635 4278.1855154077202315 4840.4556191885103544
160000 0.63332668440879702487 307.34373644763900302 -1836.761310947560105 820.80110039868395688 3388.7770708099801595 4209.5781712086700281 2887.0070267422702273
161000 0.63332668440879702487 310.82961328966399606 -2066.8386015103201316 848.67237676089098386 3427.2124059512098029 4275.8847827120998772 2787.645086931140213
162000 0.63332668440879702487 313.19246612563597409 -1235.4595808813498934 833.91940499930501574 3453.265260012230101 4287.1846650115403463 3397.584485560199937
163000 0.63332668440879602567 310.03612354355499292 -567.68684243645202514 728.54493103669096854 3418.4633750172602049 4147.0083060539500366 3738.2419451638897954
164000 0.63332668440879602567 312.02598530147298561 368.70563919374001216 841.80934770027397462 3440.4036233439501302 4282.2129710442295618 4547.7017072742601158
165000 0.63332668440879702487 312.5455522245529778 -141.06671699561800892 867.15466353028295998 3446.1323767457201939 4313.2870402759999706 4211.7110934009197081
166000 0.63332668440879602567 312.47949281659799681 -764.39881351351505145 793.00282144260700079 3445.404004631890075 4238.4068260744897998 3687.9968149360402094
167000 0.63332668440879602567 303.25919474411398369 -795.41146679085397864 787.20793233676204181 3343.7408471027501946 4130.9487794395199671 3558.2079188360398803
168000 0.63332668440879602567 305.43678067274601062 1536.3638949897099337 753.32084291548494548 3367.750945209710153 4121.0717881251903236 5227.3399476309796228
169000 0.63332668440879702487 310.95436764303400423 -157.35323508177700091 701.08186978413402812 3428.587949494320128 4129.6698192784497223 4016.3666660776498247
170000 0.63332668440879602567 310.1747592025660083 -973.44084886400901269 787.41867117916001462 3419.9919740636601091 4207.4106452428195553 3506.4786461426001551
171000 0.63332668440879602567 308.35868770357001267 -152.45594134726800917 713.94996215148898955 3399.9679399776500759 4113.9179021291402023 4004.141075044110039
172000 0.63332668440879602567 309.78814265470202827 412.75143135461598831 771.91205905809601973 3415.7291336760899867 4187.64119273417964 4484.845369288400434
173000 0.63332668440879602567 312.18465361391702118 327.62115514095597746 711.85672763186801149 3442.1531027551400257 4154.0098303870099699 4389.9154341927896894
174000 0.63332668440879602567 312.15955974078400459 -1139.5523413317300765 687.58392306332302724 3441.8764172990599945 4129.4603403623896156 3308.9187516042002244
175000 0.63332668440879602567 313.44280150590498124 -1335.5468280648799464 841.5954295001289438 3456.025462014310051 4297.6208915144397906 3335.9522814700599156
176000 0.63332668440879602567 318.47602632926799515 -1032.6923976948698964 705.03577079653405235 3511.5218813355199927 4216.5576521320499523 3472.9612152077302198
177000 0.63332668440879602567 306.52422873381101454 81.84729150484760396 718.12817501719098345 3379.7411653379199379 4097.8693403551096708 4156.8039800123397072
178000 0.63332668440879602567 303.93557226326998943 -252.60998602110200295 786.84788937667599384 3351.1985967046098267 4138.0464860812899133 3956.1531304643799558
179000 0.63332668440879702487 314.17721180362701716 -1028.5040316283300399 761.41470737301801819 3464.1230819829202119 4225.5377893559398217 3484.9572108717197807
180000 0.63332668440879602567 309.99981189902297274 -395.03299775161701746 744.87756730044395681 3418.0630022300501878 4162.9405695304903929 3878.4946587720501157
181000 0.63332668440879602567 308.4974506481599974 1264.1050984962500934 739.42977959324002768 3401.4979424769398975 4140.9277220701796978 5051.1542805670496818
182000 0.63332668440879602567 309.08622810036797546 566.46129237607794948 715.14924205622799036 3407.9898123061898332 4123.1390543624102065 4531.0229504834896943
183000 0.63332668440879602567 308.14659230838998383 -623.80994346404497719 828.17312216134098435 3397.6293726773401431 4225.8024948386801043 3776.6243539777301521
184000 0.63332668440879602567 306.65739082168897767 154.5136296475700135 779.69037256697197336 3381.2094126993902137 4160.8997852663596859 4272.1582633171701673
185000 0.63332668440879602567 302.21945437447499216 494.30116900855898621 788.3075355966529969 3332.2766527614198822 4120.5841883580696958 4476.5087491108597533
186000 0.63332668440879602567 304.98721574857398764 -195.81587017881199131 918.65400265954997394 3362.7940349941900422 4281.4480376537403572 4140.4496303029900446
187000 0.63332668440879602567 305.3599835026499818 2.8118558172348100399 757.77569894960402053 3366.9041783546799707 4124.6798773042801258 4126.7045711739301623
188000 0.63332668440879602567 305.59011939676099701 -1353.0966188781799246 754.66509662707494499 3369.4416604916100368 4124.1067571186904388 3149.8013135441401573
189000 0.63332668440879602567 312.65903956122201635 -1781.8506787583598907 763.06315862031499364 3447.3836899781699685 4210.4468485984898507 2927.4144385473800867
190000 0.63332668440879602567 303.93249566738802514 -983.60629880813803538 779.04135153517904655 3351.1646741080298852 4130.2060256432096139 3421.9543325323998033
191000 0.63332668440879602567 310.66181047571097906 -459.37937137443702795 751.29906185033701149 3425.3622093768099148 4176.6612712271398777 3845.8823630904598758
192000 0.63332668440879602567 302.93651970953197861 -1099.5152982518600311 780.63920865479201439 3340.1830268876701666 4120.8222355424595662 3329.1095629703900158
193000 0.63332668440879602567 311.52214429719498412 693.58008398288700391 698.25292528718796348 3434.8482641804098421 4133.1011894676003067 4632.5177440220495555
194000 0.63332668440879602567 310.31035730897701796 -891.46864305372298531 742.94578904917898399 3421.4870810053698733 4164.4328700545502215 3522.5254559163299746
195000 0.63332668440879602567 306.98706783864599856 -251.42119001990300831 730.35313492496902654 3384.8444368867999401 4115.1975718117701035 3934.1602159801700509
196000 0.63332668440879602567 309.60386678160102747 -683.58936409424904923 760.86438028095494701 3413.6973048817699237 4174.5616851627301003 3682.3390091805199518
197000 0.63332668440879602567 306.56843289343100878 -545.6933050055960166 713.90299187154596439 3380.2285611257298115 4094.1315529972798686 3701.2017723952599226
198000 0.63332668440879602567 310.52332894430998067 -194.05945689637400164 790.96071431638802096 3423.8353097439498924 4214.7960240603397324 4075.0623327678299574
199000 0.63332668440879702487 314.28725367012202696 -992.50312124556205617 774.60062768459204108 3465.3364054048302023 4239.937033089419856 3525.2791289140400295
200000 0.63332668440879602567 305.62886567974697982 -585.73794259555404551 768.99903029935194354 3369.8688776422800402 4138.86790794162971 3717.1037426803600283
201000 0.63332668440879602567 306.43565352693502746 -264.13122083658697647 891.21541547318804533 3378.7645336565001344 4269.9799491296798806 4079.7906583660701472
202000 0.63332668440879602567 312.61872591703098578 -874.20223664598495361 737.92553264578305061 3446.9391910771901166 4184.8647237229697566 3555.3900904514898684
203000 0.63332668440879702487 318.14231287764999934 618.33566668792400378 741.08553827211403586 3507.8423513534298763 4248.9278896255400468 4694.1642442251295506
204000 0.63332668440879602567 303.82348851910097665 -738.98201235163503497 757.64010813376398801 3349.9627595060401291 4107.6028676398000243 3575.4943786430599175
205000 0.63332668440879602567 306.33239413550899144 283.64674163980902222 816.68863639050005077 3377.6259939157598637 4194.3146303062603693 4398.5561904255700938
206000 0.63332668440879602567 312.33594859270698407 -847.58704489119998016 806.84493710066794847 3443.8212836687298477 4250.6662207693898381 3640.3560180690001289
207000 0.63332668440879702487 312.96924894882602075 -267.96679027902598591 793.57403485215399996 3450.8040637655599312 4244.3780986177198429 4051.4269827672401334
208000 0.63332668440879702487 309.23018513429298082 -615.32771003769903473 763.96281502279998676 3409.5770849195400842 4173.5398999423396162 3730.4694428089501343
209000 0.63332668440879602567 310.95611561828002323 -670.83872831976498219 823.65793802361702092 3428.6072226979999868 4252.2651607216203047 3769.2236575180600084
210000 0.63332668440879602567 307.46377262920498197 -1394.1704435583999384 790.89545464282196008 3390.1005917135198615 4180.99604635634023 3177.1151457035298336
211000 0.63332668440879702487 306.16299116711502393 -1503.9119994907000546 778.6377639588739612 3375.7581540122801016 4154.3959179711500838 3071.4949430387900975
212000 0.63332668440879602567 313.15089574591200972 -549.44359896166395174 740.130042198058959 3452.8069043246900947 4192.9369465227500768 3797.3067439660599121
213000 0.63332668440879702487 316.1141235142080177 -1291.8145079724399693 706.14933946499797912 3485.4795022206199064 4191.6288416856195909 3261.4499544974901255
214000 0.63332668440879602567 311.70687122104499167 725.32381266168499678 765.89665518380195408 3436.8850662676700267 4202.7817214514698207 4725.0555407567198927
215000 0.63332668440879602567 318.44140032705502108 745.40001053430103184 789.3043551161799769 3511.140094468119969 4300.4444495842999459 4837.1742571764698368
216000 0.63332668440879702487 316.24120053898002425 -226.39978990716801377 747.31770542040396776 3486.8806555766400379 4234.198360997040254 4071.177816378749867
217000 0.63332668440879702487 303.46241513646498333 -2203.4063331211600598 786.32690508923997186 3345.9815584765301537 4132.3084635657696708 2545.7323426776401902
218000 0.63332668440879702487 315.66600255287301025 136.1799684005449933 766.28740023847797147 3480.538513162990057 4246.8259134014697338 4344.8831272525103486
219000 0.63332668440879602567 314.77194227850401376 -1742.208978645470097 835.96216929146794428 3470.6805899375999616 4306.6427592290701796 3052.1545962580798914
220000 0.63332668440879602567 308.08995769221399996 -411.77266985654097198 738.59800553743605178 3397.0049184720000994 4135.6029240094403576 3839.1035106201197777
221000 0.63332668440879602567 307.79442240669800412 -62.505593746163498281 694.49743911098994431 3393.7463415745301063 4088.2437806855200506 4043.236248044399872
222000 0.63332668440879602567 306.62696990674999142 -299.64961110584300741 836.1798094294870225 3380.8739911931302231 4217.0538006226197467 4001.2892770903099517
223000 0.63332668440879602567 313.57129814644497401 -948.77366004748103023 724.49102168446097494 3457.4422680770298939 4181.9332897614904141 3498.7630498780999915
224000 0.63332668440879602567 311.73113243457800081 -459.59051398382297293 624.20524483462497756 3437.1525708053600283 4061.3578156399898944 3730.4268729842401626
225000 0.63332668440879602567 310.29770762223398606 9.5489661610994094332 823.6619926777029832 3421.3476053521999347 4245.0095980299001894 4251.8853891459702936
226000 0.63332668440879602567 309.86790483522497652 -43.863621288782397301 723.15395401405203302 3416.6085927846402228 4139.7625467986899821 4108.1782797180503621
227000 0.63332668440879602567 304.87674936124102487 -324.14427212234198805 760.0928361263260058 3361.5760307985601685 4121.6688669248896986 3888.2668138666699633
228000 0.63332668440879602567 307.3676871043970209 -2357.7808827252301853 816.62518674166494748 3389.0411511435900138 4205.6663378852599635 2507.9318843768701299
229000 0.63332668440879602567 304.84521627807299637 -48.254524246435501311 775.50721618424597636 3361.2283465072100626 4136.7355626914495588 4101.9895992514002501
230000 0.63332668440879602567 306.41381758485499631 -660.05216764871897794 704.32993496261599375 3378.5237702015501782 4082.853705164170151 3607.5791305247698801
231000 0.63332668440879602567 313.25941329800599533 -417.2123021308469788 795.59620497751495805 3454.0034206310501759 4249.599625608560018 3949.183371941940095
232000 0.63332668440879602567 307.52295132728102089 -526.89377590170295207 760.7803892936669854 3390.7530970075599726 4151.5334863012203641 3772.1404208805201961
233000 0.63332668440879602567 309.78148931923601594 329.8917239603320013 813.09167719222602955 3415.6557738902902202 4228.7474510825195466 4466.2879917655800455
234000 0.63332668440879602567 317.96793762301399511 308.32877220145002184 804.83155635241405434 3505.9196869404299832 4310.7512432928497219 4532.7652495177599121
235000 0.63332668440879602567 311.90841708739600335 322.3825763158139921 746.11621009649797998 3439.1073142903601365 4185.2235243868599355 4417.3570576732699919
236000 0.63332668440879602567 314.09674114674800194 550.21865596389704933 746.61587960104202466 3463.2358112024699039 4209.8516908035198867 4606.0399778648998108
237000 0.63332668440879602567 314.65918898814197746 -266.39736341721697954 758.72324705458800054 3469.4373703117398691 4228.1606173663303707 4036.3395768655500433
238000 0.63332668440879602567 303.39563357539901745 -1003.0025386314399611 808.98916544212704594 3345.2452238906798812 4154.2343893328097693 3432.0163158607801961
239000 0.63332668440879602567 310.26219144762899305 186.66465267692998964 769.07019803131197477 3420.956003429429984 4190.026201460739685 4324.4352190347199212
240000 0.63332668440879602567 312.53167691048798815 -2656.7134447468502003 845.17686403774803239 3445.9793873056300981 4291.1562513433700587 2378.1735898534898297
241000 0.63332668440879702487 308.106455673603989 102.28261107341199931 745.37693457958505405 3397.1868254849600817 4142.5637600645495695 4216.2129757683496791
242000 0.63332668440879602567 312.43274231435901811 -462.73246442281998725 795.1520142098489714 3444.8885328286501135 4240.0405470385003355 3906.8472238746298899
243000 0.63332668440879602567 309.96829719118500179 -588.83395212160405663 762.00008992418895559 3417.7155205453700546 4179.7156104695595786 3755.722144733730147
244000 0.63332668440879602567 314.11356457089800642 68.54299176110970393 723.25136463417595678 3463.4213065526400896 4186.6726711868195707 4236.0274689595698874
245000 0.63332668440879602567 304.68047909033901988 -1021.3595275094099861 756.55223246670095705 3359.4119515776801563 4115.9641840443800902 3380.5280491701601022
246000 0.63332668440879602567 303.94906142377402603 -316.74481733049600507 733.85595538896495782 3351.3473284092101494 4085.2032837981801094 3857.129253131400219
247000 0.63332668440879602567 312.40956751396601021 -839.79436875429894371 731.94398451598203792 3444.6330071000397766 4176.5769916160197681 3571.8779527263000091
248000 0.63332668440879602567 311.05730464680300429 -1142.1571406644700346 798.18828553957200711 3429.7229345834598462 4227.9112201230400387 3405.4940297752100378
249000 0.63332668440879602567 315.33604531210698951 -877.39591182757499155 810.59141354567998405 3476.9003992232701421 4287.4918127689497851 3655.7175542740901619
250000 0.63332668440879602567 305.36758282332897352 -924.6237056430929897 799.08566707004399632 3366.9879685889200118 4166.0736356589695788 3500.2927172105701175
251000 0.63332668440879602567 308.21949628049299008 -676.74561892585199985 747.52147156328203437 3398.4332130675597909 4145.9546846308403474 3658.6598889485198924
252000 0.63332668440879602567 312.22459105649602407 -725.40774832879299083 811.01659787356697962 3442.5934536509898862 4253.6100515245598217 3731.2757938321101392
253000 0.63332668440879602567 312.95422729876901258 539.58453641947494361 853.22636558116698779 3450.6384348060500997 4303.86480038721038 4692.3959250440802862
254000 0.63332668440879602567 309.91224944102600602 -123.6933573163459954 731.91972202515000845 3417.0975371343402003 4149.017259159490095 4059.9511055042999033
255000 0.63332668440879602567 313.08468507008501547 -332.53780534449299466 885.58979025100700255 3452.0768643288201929 4337.6666545798298102 4098.2207869151097839
256000 0.63332668440879602567 309.52455805138697542 -482.68144558796598176 691.05480866262803374 3412.8228455237599519 4103.8776541863799139 3756.3199458989402046
257000 0.63332668440879702487 313.34968137571797797 1077.1567404725399228 843.13702485023395639 3454.9987179340300827 4298.1357427842604011 5073.7489999480503684
258000 0.63332668440879602567 311.9808462321120146 77.391324487490493311 767.65397189269197042 3439.9059192260301643 4207.559891118719861 4263.2859846449300676
259000 0.63332668440879602567 308.91486271010398923 -871.12590586880196497 715.45331433722503789 3406.1003347070400196 4121.5536490442600552 3494.2941464446198552
260000 0.63332668440879602567 310.79354993421799236 998.14262928344999182 762.79324446582495511 3426.814770803529882 4189.608015269360294 4908.3266814803100715
261000 0.63332668440879602567 304.70037794159298983 -230.37089880759600646 678.66812767518501914 3359.6313566374501534 4038.2994843126398337 3872.4195185970402235
262000 0.63332668440879602567 310.00664735367200819 451.99495494748697411 738.98020021733100293 3418.1383700649298589 4157.1185702822704116 4482.5802844935396934
263000 0.63332668440879602567 309.58051805108499366 -697.17919473922597717 737.13493628653498035 3413.439861396770084 4150.5747976832999484 3648.5666815559297902
264000 0.63332668440879602567 308.84565913161202388 -444.49525099086599766 614.88781716111395781 3405.3372949173799498 4020.2251120784899285 3700.1636052790099711
265000 0.63332668440879702487 313.92950520914797607 -1873.3031226804300786 715.21068596871600676 3461.3918650160198922 4176.602550984730442 2827.7192529051399106
266000 0.63332668440879602567 304.14125462146597556 -108.82107334376600249 730.10220773549599471 3353.4664537541198115 4083.5686614896198989 4005.2113862919600251
267000 0.63332668440879602567 310.13275715185898207 284.96520822734999001 705.54535817560201849 3419.5288587647901295 4125.0742169403902153 4330.2651469387601537
268000 0.63332668440879602567 310.61368354425502503 -1227.5523539176099348 752.1530791286160138 3424.8315610424901934 4176.9846401711101862 3293.0781075494601282
269000 0.63332668440879602567 307.72572615560102349 -798.330674882524022 702.87719452684098087 3392.9888955850401544 4095.8660901118801121 3521.0232359811398055
270000 0.63332668440879602567 314.3111865598480108 -1624.2965304694000679 739.1986605762730278 3465.6002898388501308 4204.798950415120089 3035.214362340650041
271000 0.63332668440879702487 305.52943494385300482 -66.639074135358598028 658.15058797685298941 3368.7725527201500881 4026.9231406969997806 3978.9392703813100525
272000 0.63332668440879602567 306.23763107583397414 -503.93358468879398515 705.82184924425803274 3376.5811348680499577 4082.4029841123001461 3719.5425439100399672
273000 0.63332668440879702487 313.88723895646302253 985.40611617598301564 784.21463592196903392 3460.9258366218100491 4245.1404725437796515 4954.6881350883004416
274000 0.63332668440879702487 307.04747726019201082 -546.58253446287699262 740.69041318213101022 3385.5105121579599654 4126.2009253400901798 3732.6308496632600509
275000 0.63332668440879602567 314.16923661631898312 -420.84367611952700372 670.71381173967404266 3464.0351474370800133 4134.7489591767498496 3831.7179126006899423
276000 0.63332668440879602567 308.62090914738297442 -188.36413290132401244 704.47852143066302233 3402.859197911010142 4107.3377193416699811 3971.7049807039002189
277000 0.63332668440879602567 307.83919502621301945 -1275.9392949304499325 812.78036903136398905 3394.2400052104499082 4207.0203742418098045 3288.272530682730121
278000 0.63332668440879602567 309.24141382750701723 -1672.1735924511299345 763.64227806296696599 3409.7008926747798796 4173.3431707377503699 2969.2844132208701922
279000 0.63332668440879602567 308.06415956331102279 -142.53723746803498784 744.28776586853598474 3396.7204678802800117 4141.0082337488101984 4038.373429670799851
280000 0.63332668440879602567 312.23751034292598661 -403.93903549583097856 724.47635849239497929 3442.7359019147202162 4167.212260407120084 3876.3535030464399824
