Step Density Temperature Pressure KinEng PotEng TotEng

251000 0.5119988242395689948 306.68277332655401324 249.1857766688760023 -332.93196588321399076 2604.4506516540500343 2271.5186857708399657 2450.9464186337900173
252000 0.5119988242395689948 299.64442943545600428 163.99825765405600464 -351.53717551330498736 2544.6787279333198057 2193.1415524200201617 2311.2294945076700969
253000 0.5119988242395689948 309.21682295561998899 -63.893332169765798767 -397.27401427216699403 2625.9706318477701643 2228.696617575610162 2182.6898354488898804
254000 0.5119988242395689948 310.76362525272998028 545.12720526645705377 -398.56408707613900333 2639.1065840468199895 2240.5424969706900811 2633.0646540151901718
255000 0.5119988242395689948 313.67464157866601226 -127.37644916844099896 -310.28513052157200036 2663.8278890122801386 2353.5427584907101846 2261.8245721642201715
256000 0.5119988242395689948 303.04679597883801989 -360.84172395545499512 -404.9402530275399954 2573.572740025890198 2168.6324869983500321 1908.8062107268799537
257000 0.5119988242395689948 310.21785282708998466 -732.37914213287297116 -317.91667862368501574 2634.471705686380119 2316.5550270626899874 1789.2009748944799412
258000 0.5119988242395689948 303.61863588868499164 120.03238175296900181 -327.96063600395001458 2578.4289920079900185 2250.4683560040298289 2336.8984019560298293
259000 0.5119988242395689948 309.9273528710010055 -747.16410745840994423 -326.43741057211997258 2632.0046848239599058 2305.56727425183999 1767.5672179485500237
260000 0.5119988242395689948 311.39167518943997948 -437.29875881606801613 -386.0445710394359935 2644.4401900045099865 2258.3956189650798478 1943.5159900911799014
261000 0.5119988242395689948 303.98346513904999711 123.44627797562100113 -473.03002339582798186 2581.5272416049501771 2108.4972182091200921 2197.3854608834499231
262000 0.5119988242395689948 312.25993403783002123 31.29077779420590133 -281.82829736485200556 2651.8137287884601392 2369.9854314236099526 2392.5165461372498612
263000 0.5119988242395689948 296.07459759836302737 754.96685065590702379 -378.26343099914402046 2514.3625456660101918 2136.0991146668698093 2679.7175836289898143
264000 0.5119988242395689948 304.90219118627300077 87.073182064644100819 -354.99357154152102112 2589.3293643861798046 2234.3357928446598635 2297.0333667586901356
265000 0.5119988242395689948 312.2593786793930235 -944.01474540211199837 -347.82061062752597991 2651.8090125025601083 2303.9884018750299219 1624.2448474033099046
266000 0.5119988242395689948 314.37803788530999327 -204.63340659014500034 -383.20762842653897451 2669.8013610444400001 2286.5937326179000593 2139.2462045875099648
267000 0.5119988242395689948 305.41112359203498272 310.46575397792997819 -382.88720254739399707 2593.6513852204598152 2210.7641826730700814 2434.316935613179794
268000 0.5119988242395689948 301.0315310831550164 -891.77952503514097771 -374.12889223626797275 2556.4584498625099513 2182.3295576262398754 1540.1982910279900807
269000 0.5119988242395689948 311.71224253233299351 -1032.2364431417599917 -370.21670783439498109 2647.1625529727398316 2276.9458451383397914 1533.6777210609500344
270000 0.5119988242395689948 299.86092948675701564 -977.5895985184699839 -412.57451130768998837 2546.5173173447101362 2133.942806037020091 1430.023474534980096
271000 0.5119988242395689948 308.2808253300800061 -440.75061359566399233 -295.28638338632998739 2618.0218331612900329 2322.735449774960216 2005.3702918891199261
272000 0.5119988242395689948 306.10570029143701731 592.59794514646398511 -421.46007047006702351 2599.5499582565698802 2178.089887786500185 2604.7936395747301503
273000 0.5119988242395689948 310.53482591432998561 -904.19075205226795333 -319.82892018842500192 2637.1635450572798618 2317.3346248688599189 1666.2665788303800127
274000 0.5119988242395689948 312.14397268313598488 674.13728897985299682 -324.19533344463900448 2650.828946948509838 2326.6336135038700377 2812.0502653570201801
275000 0.5119988242395689948 311.46746811994501059 -40.913490714969796613 -314.30146454820601321 2645.0838484177397731 2330.782383869539899 2301.3223762373600039
276000 0.5119988242395689948 308.07825480076201075 195.34725144555301313 -372.85935724154302306 2616.3015378171298835 2243.4421805755901005 2384.1031561595200401
277000 0.5119988242395689948 313.87495661961997939 -1185.2960255674299788 -309.91357640642701199 2665.5290300098399712 2355.6154536034100602 1502.1358470139900874
278000 0.5119988242395689948 309.42610722487802377 591.50964796071900764 -324.44489671487400528 2627.7479424724901946 2303.3030457576101071 2729.2231625433601039
279000 0.5119988242395689948 311.37499543632901577 -891.7571786949580428 -351.05075914441999885 2644.2985400729298817 2293.2477809285101102 1651.1326049483100178
280000 0.5119988242395689948 325.44766703839400179 -72.43547235230920478 -445.11361944491397935 2763.8082807960799983 2318.6946613511599935 2266.5370592730000681
