Step Density Temperature Pressure KinEng PotEng TotEng

251000 0.75465454457802394472 309.14337979622501962 -761.73781685351696069 1602.967516191419918 4191.8930072199900678 5794.8605234114102132 5246.3665790896202452
252000 0.75465454457802394472 314.28417172773498578 -973.32311573315303121 1665.5729977707999296 4261.6006288532598774 5927.1736266240595796 5226.3264019802099938
253000 0.75465454457802394472 309.89251225571598525 -1252.3749323926099351 1690.418248605459894 4202.0510223147703073 5892.4692709202299739 4990.6890898138299235
254000 0.75465454457802394472 307.72077717202500935 976.90529362250902068 1623.7364335090198892 4172.6029354210495512 5796.3393689300701226 6499.7659625330597919
255000 0.75465454457802394472 310.0792149306029728 -1145.8156495946500399 1675.5874870344600822 4204.5826554935401873 5880.1701425279998148 5055.1186205912099467
256000 0.75465454457802394472 310.69934730025698855 -169.83075038358001052 1653.0102382979400772 4212.9914674358096818 5866.001705733739982 5743.7140418104800119
257000 0.75465454457802394472 314.21312118961998294 -219.26535507322600438 1681.7545023781399323 4260.6372045222096858 5942.3917069003400684 5784.5083554422099041
258000 0.75465454457802394472 313.05663089769399221 -1957.7952359614100715 1661.0353994558699924 4244.9555374237897922 5905.9909368796497802 4496.268579149589641
259000 0.75465454457802394472 302.52706639603599115 609.60128338515403357 1649.7423314037000637 4102.177749872050299 5751.9200812757499079 6190.8671900968602131
260000 0.75465454457802394472 309.74548008641102115 -1069.6524934241499523 1768.7525410521800495 4200.0573094856199532 5968.8098505378002301 5198.6000720666497728
261000 0.75465454457802394472 305.78808919350899487 -1079.9793498508199718 1692.2123802208800498 4146.3962567348598895 5838.608636955739712 5060.9629427553200003
262000 0.75465454457802394472 318.93266694832499297 -443.37618008160097816 1688.1266090707399599 4324.6328523546499127 6012.7594614253903273 5693.5037484350295927
263000 0.75465454457802394472 308.00994021209197626 -448.60439701213698527 1754.6937355850300264 4176.523900917390165 5931.2176365024197366 5608.197314137880312
264000 0.75465454457802394472 311.80184022237301633 -42.776290953183902843 1629.6648419181399277 4227.9409461332697902 5857.6057880513999407 5826.8044597869302379
265000 0.75465454457802394472 305.1468279605219891 -968.2344313511399605 1707.1666728093300662 4137.7009436405596716 5844.8676164498901926 5147.684529920679779
266000 0.75465454457802394472 314.03871253994498147 -771.68982704556901808 1626.4330168521798896 4258.2722746975596237 5884.7052915497297363 5329.0453418079696348
267000 0.75465454457802394472 311.74806601156200259 543.66493051624797772 1722.9447414119499626 4227.2117837024998153 5950.1565251144502326 6341.6257623384099134
268000 0.75465454457802394472 302.97913870806002024 -2037.1150724176300173 1689.3978154291598912 4108.3077170244396257 5797.7055324536004264 4330.8684444341297421
269000 0.75465454457802394472 309.12452050054702113 -169.46233666894198677 1677.452503339650093 4191.6372807356401609 5869.0897840752995762 5747.0673986862202582
270000 0.75465454457802394472 309.86181410419698068 -435.32650539718400751 1654.0934320058599951 4201.6347644386596585 5855.7281964445101039 5542.2687006308296986
271000 0.75465454457802394472 308.8641955515190034 -1302.3800540856500447 1711.4474218328400639 4188.1073512441698767 5899.5547730770103954 4961.7681002002500463
272000 0.75465454457802394472 313.13196085165202476 615.89838490414103944 1711.3058770539100806 4245.9769893709099051 5957.2828664248199857 6400.7642414639403796
273000 0.75465454457802394472 313.49184601637301739 730.79241549140294865 1691.5948506851900675 4250.8569260086896975 5942.4517766938697605 6468.6632967009099957
274000 0.75465454457802394472 308.70075880642798438 -1093.698753505500008 1622.229152543120108 4185.8911972080795749 5808.1203497511996829 5020.5959155725304299
275000 0.75465454457802394472 305.75391805614697205 -688.24574793796898575 1755.8654017062299317 4145.9329061955404541 5901.7983079017703858 5406.2227744347301268
276000 0.75465454457802394472 317.23718062335001378 -132.78723882438200121 1607.3577367617099299 4301.6425580964196342 5909.0002948581295641 5813.3860365569798887
277000 0.75465454457802394472 311.73646074536497963 631.83468016580104631 1713.3207125069500307 4227.0544197173803695 5940.3751322243297182 6395.3315335159795723
278000 0.75465454457802394472 309.36626526112598867 535.8550886963770381 1651.0329480740499548 4194.915268354429827 5845.9482164284800092 6231.7939295874202799
279000 0.75465454457802394472 302.74487570101399569 -1688.9340409607400488 1616.8345795087600436 4105.1311797758298781 5721.9657592845896943 4505.8385389603799922
280000 0.75465454457802394472 310.61616081356498853 -852.69925075999299224 1665.0799878185100624 4211.8634832231300607 5876.9434710416398957 5262.9521934370895906
