Step Density Temperature Pressure KinEng PotEng TotEng

251000 0.39067096407034102024 305.51029804876498019 -392.20802747631802276 -1555.8030136814400066 1820.4256654377099949 264.62265175626498603 -17.789121987304401529
252000 0.39067096407034102024 321.6233730544229843 374.36237524979100044 -1556.4043969747199299 1916.4376672483299444 360.03327027360700185 629.59517367838395785
253000 0.39067096407034102024 303.26886833011099043 -259.41834225367301769 -1561.7573982532699119 1807.0697942504700677 245.31239599720200317 58.516642098718499199
254000 0.39067096407034102024 313.51532841320801026 96.742399490329106015 -1561.163128051510057 1868.1247538845200324 306.96162583300298365 376.62157851697202204
255000 0.39067096407034102024 313.55871133145097929 -9.4002415284516303018 -1622.0492409653700179 1868.3832570456700068 246.33401608029998897 239.56531503980900766
256000 0.39067096407034102024 295.88113319001399759 -248.1931672353099998 -1530.0182351929599918 1763.0489453809400402 233.03071018798499381 54.317711780040198732
257000 0.39067096407034102024 311.70961781293897275 -435.54084455605902804 -1588.542854793520064 1857.3651757554800952 268.82232096195497206 -44.791511065681596904
258000 0.39067096407034102024 304.98347608359699734 -716.84385581099195406 -1591.3642609338799048 1817.2865233772499778 225.92226244336600871 -290.24551239644301859
259000 0.39067096407034102024 319.03989979369498542 -406.9672153210859733 -1553.0555169628898966 1901.0436819724200177 347.98816500953398645 54.948948362575798399
260000 0.39067096407034102024 308.45429072970500783 305.99373139000601896 -1602.3048809146200711 1837.9678558956800316 235.66297498105600994 455.99562087898499385
261000 0.39067096407034102024 311.01580638118798561 -86.766075944464304825 -1616.126603435179959 1853.2310036984299586 237.10440026325099439 174.62795997742600207
262000 0.39067096407034102024 304.1734424680370239 -201.8722483664749916 -1470.6757223326699204 1812.4598252493899508 341.78410291671701771 196.42476364561798619
263000 0.39067096407034102024 311.56701589955599729 279.51711850715997798 -1578.4512670009999056 1856.515462391570054 278.06419539057498014 479.33219527633701773
264000 0.39067096407034102024 309.12749497242901953 558.16446807616000569 -1540.5868050779799887 1841.979237146540072 301.39243206855900326 703.30214943032899555
265000 0.39067096407034102024 323.50013904783099861 -419.89821209427401527 -1514.3746945321499879 1927.6206388347000029 413.24594430254398958 110.89568484372300361
266000 0.39067096407034102024 310.9374710023690227 -20.684668065999698428 -1533.1169208788498963 1852.7642314324000381 319.64731055355497347 304.75318960604698759
267000 0.39067096407034102024 305.80184674172602399 -1265.8083393902300031 -1544.3321303806699234 1822.1628989345199443 277.83076855384297232 -633.62221889981594813
268000 0.39067096407034102024 305.09120704021597703 -564.91348296566002318 -1575.267505286100004 1817.928453288099945 242.66094800200198733 -164.10843854662701347
269000 0.39067096407034102024 305.23565662940899301 -12.686417860953900671 -1575.3383557742299672 1818.7891762856900186 243.4508205114539976 234.31588823172000957
270000 0.39067096407034102024 305.27252863086300749 -155.96245481820599821 -1515.8178002566799023 1819.0088832422500218 303.19108298556801628 190.88936956571700421
271000 0.39067096407034102024 305.06709643174701796 -358.95241205484302327 -1517.877884068350113 1817.7847868691699205 299.90690280082100116 41.441037045277901996
272000 0.39067096407034102024 320.26267898974697346 -32.735225256491396806 -1509.4221594199400442 1908.3297821329499584 398.90762271301497321 375.33642482584497202
273000 0.39067096407034102024 318.64180942784901163 580.40805193575295107 -1517.5887598457100012 1898.6716050775401072 381.08284523183300507 799.00919033226102783
274000 0.39067096407034102024 310.7366902040590162 -1143.4931513271299082 -1570.7278433035598937 1851.5678510789300617 280.84000777536601845 -542.53918516942201222
275000 0.39067096407034102024 313.1650271147070157 -1591.4305362026200328 -1539.1521888094800943 1866.0374348039499637 326.88524599446799357 -819.03398317225298797
276000 0.39067096407034102024 304.50381846418900977 -124.67072474777799584 -1489.6394259710100414 1814.4284166405200267 324.78899066950998531 235.01907765557399443
277000 0.39067096407034102024 306.1136133328050164 67.067352422759896058 -1512.1981261511800767 1824.0206035934099873 311.82247744223701602 360.11473214153801337
278000 0.39067096407034102024 324.68647826948301827 159.98237471146501321 -1455.4935929871498956 1934.6896063320400572 479.19601334488601196 594.3922945140700449
279000 0.39067096407034102024 303.85571266759802711 -292.4271855525730075 -1525.8724508263198913 1810.5665879769098865 284.69413715058800562 74.130165030643297541
280000 0.39067096407034102024 297.03009553923197927 439.74454731365102589 -1489.3314562819500679 1769.8951975776699328 280.56374129572100173 597.20447504105402459
