Step Density Temperature Pressure KinEng PotEng TotEng

251000 0.91246968973961695148 304.52537919026400459 2063.6504538926701571 2040.7557360811299532 5445.4861323116301719 7486.2418683927598977 9066.4504212683204969
252000 0.91246968973961695148 309.21115628089199845 1929.4906626415199753 2064.4861490952898748 5529.2766335630003596 7593.7627826582902344 9071.2405415725097555
253000 0.91246968973961695148 310.63118716444597567 633.12160498649598139 2031.5307791434800038 5554.6694546947201161 7586.2002338381998925 8071.003352177740453
254000 0.91246968973961695148 310.50168324943001608 1738.254023544679967 1923.6497663020900291 5552.3536812929396547 7476.0034475950196793 8807.0446953481696255
255000 0.91246968973961695148 310.26147479218599301 2361.7372535262002202 2028.8422087800900044 5548.0583026080303171 7576.9005113881303259 9385.3644402609497774
256000 0.91246968973961695148 313.9041062739530048 1126.3983410052699128 2018.2927146818499295 5613.1953997912796694 7631.4881144731398308 8494.0102964850502758
257000 0.91246968973961695148 311.97089144885399037 582.0743758180479972 1971.2682953528299095 5578.6258852606897563 7549.8941806135098886 7995.608669393510354
258000 0.91246968973961695148 314.40846416807897867 1861.9520998081100061 2081.2967623992299195 5622.2142668738497377 7703.5110292730796573 9129.2721738561504026
259000 0.91246968973961695148 311.28962668951800197 2222.2179415112300376 2032.6206859581000117 5566.4435909334797543 7599.0642768915904526 9300.6934413199396658
260000 0.91246968973961695148 306.37376747852601966 629.53251689216403975 1999.456351294749993 5478.5387889329704194 7477.9951402277301895 7960.0499696344204494
261000 0.91246968973961695148 309.37367809588801038 1274.5146417388900772 2052.3206391411299592 5532.1828290732501046 7584.503468214379609 8560.4434263802195346
262000 0.91246968973961695148 302.38703724134597906 521.23953602334404422 1983.1287375197500751 5407.2485592727698531 7390.3772967925197008 7789.5084439145002762
263000 0.91246968973961695148 308.15721052012600012 571.74051999688299475 2170.0375476132699077 5510.4301024800497544 7680.4676500933101124 8118.2691479295299359
264000 0.91246968973961695148 306.01858323675901374 2097.3310129075998702 2071.3061710936599411 5472.1874271249498634 7543.4935982186198089 9149.4925204470000608
265000 0.91246968973961695148 306.36027247254099848 -94.558621560300593956 2037.2177604377600346 5478.2974728622202747 7515.5152332999796272 7443.1084251334796136
266000 0.91246968973961695148 312.2058413451790102 2182.6752408870102045 1962.6332215973700386 5582.827230992929799 7545.4604525903096146 9216.8104030111098837
267000 0.91246968973961695148 312.04072217318099547 1364.4957136975099274 2003.4036875881499782 5579.8745898577899425 7583.278277445940148 8628.1198556694307626
268000 0.91246968973961695148 307.86862590714599719 1273.7820882414700918 2115.1257082868200996 5505.2696672080701319 7620.3953754948997812 8595.7743921021101414
269000 0.91246968973961695148 311.96315884082702041 1093.5763635753899052 1949.2269249530800153 5578.4876116957902923 7527.7145366488703075 8365.1037949337205646
270000 0.91246968973961695148 316.758931337066997 2188.2053040731398141 2073.4214184321599532 5664.2450375347798399 7737.6664559669397931 9413.2509671042498667
271000 0.91246968973961695148 312.56346539790098404 1545.4050015250900287 1996.0735995478601126 5589.2222212064198175 7585.2958207542696982 8768.6658999555002083
272000 0.91246968973961695148 305.07278142312799218 1252.4656950415499068 1961.820008426539971 5455.2747130722300426 7417.094721498780018 8376.1510383060103777
273000 0.91246968973961695148 310.66531084906699789 1335.7168264710899166 1974.5953199002399288 5555.2796503108802426 7529.8749702111099396 8552.6795587634005642
274000 0.91246968973961695148 312.74309232720997898 1171.9294723569200869 1969.7290065096899525 5592.434288309479598 7562.1632948191700052 8459.5502394405793893
275000 0.91246968973961695148 307.66340138260898129 1901.0929297684699577 1971.6115364253998905 5501.5998669919199529 7473.2114034173200707 8928.9440357362800569
276000 0.91246968973961695148 309.39117144002000259 1190.2311085040000762 1987.0461578913700578 5532.4956429448902782 7519.5418008362603359 8430.9429414745791291
277000 0.91246968973961695148 306.81815589670100053 -684.33915577838399713 1954.8384622285200294 5486.4852890735000983 7441.3237513020203551 6917.301582242909717
278000 0.91246968973961695148 309.08662875380798596 1221.9588176826300696 1953.6338814071300476 5527.0498473305096923 7480.6837287376301902 8416.3798740424008429
279000 0.91246968973961695148 309.03922297667901375 1229.8188486912799817 2092.6469196314401415 5526.2021429367596284 7618.8490625681997699 8560.5639055658393772
280000 0.91246968973961695148 306.07375268213797881 1129.5044543137400979 2022.0362174122699344 5473.1739604987496932 7495.2101779110298594 8360.1108183517699217
