Step Density Temperature Pressure KinEng PotEng TotEng

151000 0.91246968973961695148 318.18407725551998055 2603.4219678114000089 2083.606683275890191 5689.7293251041601252 7773.336008380039857 9766.8662850407708902
152000 0.91246968973961695148 312.91610867618101111 938.09471619478597404 2178.1106392543001675 5595.5281458115596251 7773.6387850658602474 8491.9703664352400665
153000 0.91246968973961695148 311.75113276852198396 2241.8822305271100959 2130.3994876755500627 5574.6961870221102799 7705.0956746976598879 9421.7824655910408183
154000 0.91246968973961695148 309.58240382140900238 1511.4538760705399909 2311.8878203113299605 5535.9152373434799301 7847.8030576548098907 9005.1755854190396349
155000 0.91246968973961695148 307.17739583817001403 1319.0095963937999386 2159.2874559174301794 5492.9091744148299767 7652.1966303322597014 8662.2079147601907607
156000 0.91246968973961695148 307.60016130859497707 1742.7804522669700873 2299.6604901571599839 5500.469015609480266 7800.1295057666402499 9134.6367966025500209
157000 0.91246968973961695148 313.30907879318499454 896.0254343336639522 2115.1886834406300295 5602.5551900869795645 7717.7438735276100488 8403.8615502190605184
158000 0.91246968973961695148 308.63729685939000547 1862.2160249090900379 2233.690828096990117 5519.0149485435404131 7752.7057766405296206 9178.6690178049702808
159000 0.91246968973961695148 305.16459525622099136 2568.2438340338699163 2231.4645094959801099 5456.9165169711095587 7688.3810264671001278 9654.9741889646193158
160000 0.91246968973961695148 310.81829127556198955 576.06896432459598145 2097.0732249380798748 5558.0152278617797492 7655.0884527998596241 8096.2043902178302233
161000 0.91246968973961695148 310.00690460666402259 1221.0480560707001132 2211.8270839922502091 5543.5061092287796782 7755.3331932210403465 8690.3319368480697449
162000 0.91246968973961695148 306.42160584355798392 756.46788934982203045 2164.3802803180601586 5479.3942288114703842 7643.7745091295300881 8223.02814506940922
163000 0.91246968973961695148 305.81653659753402508 1790.3730696138600251 2320.4723730060500202 5468.5744534709801883 7789.0468264770397582 9159.9974310744601098
164000 0.91246968973961695148 308.84277494539600184 1829.3176103851099015 2185.3306483986098101 5522.6892829153202911 7708.0199313139200967 9108.7917182237106317
165000 0.91246968973961695148 313.54266035020299341 822.80086441832304445 2176.2705837215698921 5606.732067340640242 7783.0026510622201386 8413.0497410694806604
166000 0.91246968973961695148 309.77366236612397188 792.71504828115996588 2126.7088142969701039 5539.335299591490184 7666.0441138884598331 8273.0534535390597739
167000 0.91246968973961695148 313.79819660120801927 1410.5522530362100042 2128.3281292458800635 5611.3015357864296675 7739.6296650323101858 8819.738328939609346
168000 0.91246968973961695148 309.33897010657602777 2092.6347419769699627 2049.5868356069199763 5531.5621849910403398 7581.1490205979598613 9183.551845688280082
169000 0.91246968973961695148 313.73058556777402828 1809.8787026674399385 2115.3216149158602093 5610.0925234343803822 7725.4141383502401368 9111.3008810530100163
170000 0.91246968973961695148 313.01068920299502452 1754.3977431911901022 2137.2788254686997789 5597.2194233941499988 7734.4982488628602368 9077.9013013065905398
171000 0.91246968973961695148 307.64670801620701468 742.8276581983250253 2190.3475754444398262 5501.3013582256498921 7691.6489336700997228 8260.4577726783390972
172000 0.91246968973961695148 306.7691748760140058 1838.8967570743400302 2142.7869495572699634 5485.609416364270146 7628.3963659215396547 9036.5032368805696024
173000 0.91246968973961695148 311.83559419361699838 -883.7346156053760069 2284.68241836847983 5576.206516047200239 7860.8889344156796142 7184.1827628750397707
174000 0.91246968973961695148 309.22750652939902238 2569.3988041679499474 2162.5911411336301171 5529.5690067364303104 7692.1601478700604275 9659.6377109601198754
175000 0.91246968973961695148 311.47644922712601101 855.99254681874504058 2102.5338622118501917 5569.7843290370001341 7672.318191248849871 8327.7813008705506945
176000 0.91246968973961695148 307.52700592906501242 1798.534726035399899 2126.0618581323701619 5499.1608599286701065 7625.2227180610498181 9002.4229853659398941
177000 0.91246968973961695148 311.77714892913201084 2842.3725588815200354 2119.0181309518397939 5575.1614048709197959 7694.179535822770049 9870.6825475275600184
178000 0.91246968973961695148 311.47333128615201758 899.24915231463796772 2113.0043648858600136 5569.7285743922402617 7682.7329392781002753 8371.319128365130382
179000 0.91246968973961695148 311.10871345026799872 -82.461135861530593161 2120.8135472746998857 5563.208522191080192 7684.0220694657800777 7620.8787246602496452
180000 0.91246968973961695148 308.1756534985930216 2694.1915578994298812 2016.4235939362799854 5510.7598975984301433 7527.1834915347099013 9590.2191838667495176
181000 0.91246968973961695148 310.11521296303300232 1557.4800836798699493 2047.9426808700300171 5545.4428662051395804 7593.3855470751695975 8786.0019344685897522
182000 0.91246968973961695148 307.39486306541300564 1853.4022481204199266 2192.9232234084201991 5496.7978971654001725 7689.7211205738103672 9108.9353479029396112
183000 0.91246968973961695148 310.87379648469800486 1034.3760502642799111 2081.87023564384981 5559.0077653226098846 7640.8780009664596946 8432.9355310748305783
184000 0.91246968973961695148 309.42315530422899883 1781.8480001039599756 2113.2723750999198273 5533.0675745503003782 7646.3399496502197508 9010.762613564660569
185000 0.91246968973961695148 308.97572077664199242 720.89201917051400414 2273.1476961205398766 5525.0666042483499041 7798.2143003688897807 8350.2262616214193258
186000 0.91246968973961695148 312.00705788212297875 2520.6092015725998863 2075.4478917862597882 5579.2726090619798924 7654.7205008482396806 9584.8381771574895538
187000 0.91246968973961695148 302.70923775313701753 -33.032494323867098274 2121.7041947431898734 5413.0101099962103035 7534.7143047394001769 7509.4201809429396235
188000 0.91246968973961695148 311.04991922237798008 1750.3424079272399467 2081.0472854761901544 5562.1571708932497131 7643.2044563694398676 8983.5021982908401696
189000 0.91246968973961695148 306.10455015653502642 2909.5583051283401801 2175.5741470062198459 5473.7246772245098327 7649.2988242307401379 9877.2482863992208877
190000 0.91246968973961695148 309.34759609372900968 2175.0998376052698404 2157.8909480390598219 5531.7164338537895674 7689.607381892849844 9355.1565839191207488
191000 0.91246968973961695148 315.73047864303902088 2469.7652454169301564 2048.2097704520801926 5645.854370399059917 7694.0641408511301051 9585.2488407797900436
192000 0.91246968973961695148 311.23031038349500932 2474.347264464519867 1970.3105130987000848 5565.3829038973899515 7535.6934169960895815 9430.3867274429503595
193000 0.91246968973961695148 303.81918773884001439 348.26895823558299981 2082.5539234932298314 5432.8581018804297855 7515.4120253736600716 7782.0936164671602455
194000 0.91246968973961695148 312.29165871927597209 2254.6238302078900233 2081.8937511772901416 5584.3618069346903212 7666.2555581119795534 9392.6990327280891506
195000 0.91246968973961695148 308.92192954473500777 1098.4921248735199697 2079.0089993425599459 5524.104715921769639 7603.1137152643295849 8444.2671420557908277
196000 0.91246968973961695148 308.7205166613210281 749.45295304834996841 2188.300690172799932 5520.5030750128398722 7708.803765185640259 8282.6858216893997451
197000 0.91246968973961695148 316.26429824392602086 552.23478178821198981 2009.4455139356500695 5655.4000681714796883 7664.845582107140217 8087.710861317110357
198000 0.91246968973961695148 312.58567665001299929 1147.280821124420072 2179.1523057183198944 5589.6194001400099296 7768.7717058583302787 8647.2843254112904106
199000 0.91246968973961695148 306.50048452050202741 1439.5914980082500279 2037.4729263335500491 5480.8047278068897867 7518.2776541404500676 8620.6226726529093867
200000 0.91246968973961695148 309.5879166524230186 1395.5556664716800697 2174.4185047106498132 5536.0138171233102184 7710.4323218339695813 8779.0575805412699992
201000 0.91246968973961695148 309.73318944468201153 2128.7587438177001786 2112.7197655815398321 5538.6115676876497673 7651.3313332691895994 9281.3955564248499286
202000 0.91246968973961695148 311.40593759093599147 405.25733979361098136 1985.3446884348800268 5568.5234484560096462 7553.8681368909001321 7864.1877034868202827
203000 0.91246968973961695148 312.39072000378001803 1642.7057660935499825 2185.9440798366799754 5586.1332088863000536 7772.0772887229795742 9029.9539298675699683
204000 0.91246968973961695148 313.11541947349098791 875.48979878137095056 2054.8108439318598357 5599.0921974701095678 7653.9030414019698583 8324.2958714377000433
205000 0.91246968973961695148 307.6756094436919966 4006.3052368086500792 1986.3101143090300411 5501.8181700690201978 7488.1282843780500116 10555.894818527900497
206000 0.91246968973961695148 307.33716555537000659 1132.8624923247500647 2112.0606412439601627 5495.7661572439401425 7607.8267984879003052 8475.2988048185798107
207000 0.91246968973961695148 305.76192446912699552 1103.513980360459982 2097.1970492101800119 5467.5978859721199115 7564.7949351822899189 8409.7937704715004656
208000 0.91246968973961695148 310.97389081937501487 727.75759077318502932 2138.210387836620157 5560.7976401529404029 7699.0080279895601052 8256.2771949604593829
209000 0.91246968973961695148 306.13277470485900267 1790.4124058045499623 2105.8120431923698561 5474.2293851963004272 7580.0414283886702833 8951.022154068290547
210000 0.91246968973961695148 307.10465188217801824 1464.9403307003599366 1887.3609446436998951 5491.6083757601600155 7378.9693204038603653 8500.7248171540195472
211000 0.91246968973961695148 310.2586129880489807 186.20342493572098874 2072.4826609365400145 5548.0071281713198914 7620.4897891078599059 7763.0721940413795892
212000 0.91246968973961695148 305.24449664057300424 1696.2129496127699895 2030.1286151270298888 5458.3453038971802016 7488.473919024209863 8787.3228618867906334
213000 0.91246968973961695148 309.17374023931199645 556.64003833132198906 2052.9846158698401268 5528.6075644164902769 7581.5921802863304038 8007.8307168490200638
214000 0.91246968973961695148 311.94434974642001634 962.83757954253098887 2193.2677063187102249 5578.1512697362995823 7771.4189760550098072 8508.697023969150905
215000 0.91246968973961695148 311.85244261426197454 2204.063231378529963 1958.4194607692199952 5576.5077974747900953 7534.9272582440098631 9222.6547329881595942
216000 0.91246968973961695148 308.67911779113597959 1246.819598278490048 2203.6655224934302169 5519.762785405179784 7723.4283078985999964 8678.1612130648190941
217000 0.91246968973961695148 312.6248299208010053 1175.4677052645899948 2002.9810227277901049 5590.3195342098897527 7593.300556937680085 8493.3968489159706223
218000 0.91246968973961695148 317.83666912088000345 1328.4358364901800087 2057.7700344383101765 5683.5170147066901336 7741.2870491450003101 8758.5163317536098475
219000 0.91246968973961695148 310.50781518198300546 2345.1848207629100216 2048.5908026762599548 5552.4633317718898979 7601.0541344481498527 9396.8432928558104322
220000 0.91246968973961695148 306.12122783948399274 1322.0291775719899761 2073.8967897203101529 5474.02290554118008 7547.919695261490233 8560.2431774721808324
221000 0.91246968973961695148 309.43245553232100065 227.41540460390899625 2144.4310354265699061 5533.2338801082796635 7677.6649155348495697 7851.8047591953300071
222000 0.91246968973961695148 307.81322577984997224 2149.4490231036102159 2079.8086404632899757 5504.2790088080400892 7584.0876492713396146 9229.995135140059574
223000 0.91246968973961695148 310.66373322291701697 1588.8249908914099251 1992.6863514282899814 5555.2514393901801668 7547.9377908184696935 8764.5560581675508729
224000 0.91246968973961695148 308.37839607040797318 656.85228145967198543 2136.8642019376097778 5514.3853158351003003 7651.2495177727196278 8154.2240361464500893
225000 0.91246968973961695148 312.33748156285997766 2175.7769321540799865 1942.1079928491399187 5585.1812055015498117 7527.2891983506897304 9193.3568750998092582
226000 0.91246968973961695148 312.63525423948101434 1817.918522222430056 2130.1769145140901855 5590.5059406202799437 7720.6828551343696745 9112.7259658404491347
227000 0.91246968973961695148 309.59079016627600822 958.33562623879902276 2123.622613322630059 5536.06520095174983 7659.6878142743698845 8393.518560780570624
228000 0.91246968973961695148 314.27088326129501183 2356.8081046022798546 2236.6303314240899454 5619.7540616786300234 7856.384393102710419 9661.0739021006593248
229000 0.91246968973961695148 307.26964966456500861 2037.4424846310300836 2016.2616224616599538 5494.5588462208997953 7510.8204686825702083 9070.9606727238406165
230000 0.91246968973961695148 309.3723522101739718 576.89717118884595948 2091.2527750563899644 5532.1591197446996375 7623.4118948010900567 8065.1620188701799634
231000 0.91246968973961695148 311.8433307893749884 -174.00597137139101278 2002.0122571944900756 5576.3448609202196167 7578.3571181147099196 7445.1147253956196437
232000 0.91246968973961695148 303.4611713143730185 1952.0067367401800311 2069.841316159030157 5426.4560953226900892 7496.2974114817197915 8991.0165073678908811
233000 0.91246968973961695148 309.84214622886997859 -118.84359591460200534 2097.1409782691998771 5540.5599197721303426 7637.7008980413202153 7546.6982447748796403
234000 0.91246968973961695148 306.24719597626102541 1198.2337554755399651 2059.1828609908698127 5476.2754525825903329 7535.45831357347015 8452.9873578818205715
235000 0.91246968973961695148 306.80474742533698418 1185.1814043242300158 2073.6028308315499089 5486.245520404419949 7559.848351235969858 8467.382758668909446
236000 0.91246968973961695148 305.84201147428200329 560.01645258730900423 1903.0350275935500122 5469.0299921470095796 7372.0650197405602739 7800.8889935197603336
237000 0.91246968973961695148 309.85267460406498685 1552.7267021460900196 2043.3121529505499439 5540.7481869085795552 7584.0603398591401856 8773.0368985497007088
238000 0.91246968973961695148 313.18254397204202633 2043.2802599495100822 2004.2995656352100013 5600.292509664030149 7604.5920752992396956 9169.2024658833106514
239000 0.91246968973961695148 304.96549405757497198 1340.1631143079300728 2004.986273373009908 5453.3562133306104442 7458.3424867036201249 8484.5517516898707981
240000 0.91246968973961695148 310.2846758424710174 1711.9352458552100416 1945.6253959512901019 5548.4731809932700344 7494.0985769445596816 8804.9866260163707921
241000 0.91246968973961695148 312.09248505574799992 1496.4873317275000772 1994.414171470149995 5580.8002074858995911 7575.2143789560495861 8721.1265058887202031
242000 0.91246968973961695148 310.43981769279599803 1185.18764230813008 1942.4182624530099019 5551.2474088646204109 7493.6656713176298581 8401.2048553906806774
243000 0.91246968973961695148 309.6723872734789893 1421.9763851588500074 1971.2005074955900454 5537.5243105894796827 7508.7248180850701829 8597.5813352227105497
244000 0.91246968973961695148 309.09914920126198012 1853.4542826705398966 1991.1984909797899945 5527.2737364630402226 7518.47222744282044 8937.726299427320555
245000 0.91246968973961695148 312.2707127241329772 551.35920165334096055 2061.1811297147301048 5583.9872531737401005 7645.1683828884697505 8067.3632000949401117
246000 0.91246968973961695148 308.3817427423489903 1621.5370597389301111 1952.3341445087799002 5514.4451606194497799 7466.7793051282196757 8708.446335400109092
247000 0.91246968973961695148 307.25766684063501089 569.65901406032594423 1967.939718750810016 5494.3445708074395952 7462.2842895582498386 7898.4919062807302907
248000 0.91246968973961695148 311.72252220794399591 972.72316863824801203 1996.1238078755700371 5574.1845764257095652 7570.3083843012800571 8315.1561698179302766
249000 0.91246968973961695148 308.25186312720700244 1496.2225075348299015 1992.0207806924800025 5512.1226689932800582 7504.1434496857500562 8649.8527915714294068
250000 0.91246968973961695148 309.28297686011200085 -54.996619827442600581 2030.9848473519600702 5530.560920505519789 7561.545767857480314 7519.4329532252204444
251000 0.91246968973961695148 304.52537919026400459 2063.6504538926701571 2040.7557360811299532 5445.4861323116301719 7486.2418683927598977 9066.4504212683204969
252000 0.91246968973961695148 309.21115628089199845 1929.4906626415199753 2064.4861490952898748 5529.2766335630003596 7593.7627826582902344 9071.2405415725097555
253000 0.91246968973961695148 310.63118716444597567 633.12160498649598139 2031.5307791434800038 5554.6694546947201161 7586.2002338381998925 8071.003352177740453
254000 0.91246968973961695148 310.50168324943001608 1738.254023544679967 1923.6497663020900291 5552.3536812929396547 7476.0034475950196793 8807.0446953481696255
255000 0.91246968973961695148 310.26147479218599301 2361.7372535262002202 2028.8422087800900044 5548.0583026080303171 7576.9005113881303259 9385.3644402609497774
256000 0.91246968973961695148 313.9041062739530048 1126.3983410052699128 2018.2927146818499295 5613.1953997912796694 7631.4881144731398308 8494.0102964850502758
257000 0.91246968973961695148 311.97089144885399037 582.0743758180479972 1971.2682953528299095 5578.6258852606897563 7549.8941806135098886 7995.608669393510354
258000 0.91246968973961695148 314.40846416807897867 1861.9520998081100061 2081.2967623992299195 5622.2142668738497377 7703.5110292730796573 9129.2721738561504026
259000 0.91246968973961695148 311.28962668951800197 2222.2179415112300376 2032.6206859581000117 5566.4435909334797543 7599.0642768915904526 9300.6934413199396658
260000 0.91246968973961695148 306.37376747852601966 629.53251689216403975 1999.456351294749993 5478.5387889329704194 7477.9951402277301895 7960.0499696344204494
261000 0.91246968973961695148 309.37367809588801038 1274.5146417388900772 2052.3206391411299592 5532.1828290732501046 7584.503468214379609 8560.4434263802195346
262000 0.91246968973961695148 302.38703724134597906 521.23953602334404422 1983.1287375197500751 5407.2485592727698531 7390.3772967925197008 7789.5084439145002762
263000 0.91246968973961695148 308.15721052012600012 571.74051999688299475 2170.0375476132699077 5510.4301024800497544 7680.4676500933101124 8118.2691479295299359
264000 0.91246968973961695148 306.01858323675901374 2097.3310129075998702 2071.3061710936599411 5472.1874271249498634 7543.4935982186198089 9149.4925204470000608
265000 0.91246968973961695148 306.36027247254099848 -94.558621560300593956 2037.2177604377600346 5478.2974728622202747 7515.5152332999796272 7443.1084251334796136
266000 0.91246968973961695148 312.2058413451790102 2182.6752408870102045 1962.6332215973700386 5582.827230992929799 7545.4604525903096146 9216.8104030111098837
267000 0.91246968973961695148 312.04072217318099547 1364.4957136975099274 2003.4036875881499782 5579.8745898577899425 7583.278277445940148 8628.1198556694307626
268000 0.91246968973961695148 307.86862590714599719 1273.7820882414700918 2115.1257082868200996 5505.2696672080701319 7620.3953754948997812 8595.7743921021101414
269000 0.91246968973961695148 311.96315884082702041 1093.5763635753899052 1949.2269249530800153 5578.4876116957902923 7527.7145366488703075 8365.1037949337205646
270000 0.91246968973961695148 316.758931337066997 2188.2053040731398141 2073.4214184321599532 5664.2450375347798399 7737.6664559669397931 9413.2509671042498667
271000 0.91246968973961695148 312.56346539790098404 1545.4050015250900287 1996.0735995478601126 5589.2222212064198175 7585.2958207542696982 8768.6658999555002083
272000 0.91246968973961695148 305.07278142312799218 1252.4656950415499068 1961.820008426539971 5455.2747130722300426 7417.094721498780018 8376.1510383060103777
273000 0.91246968973961695148 310.66531084906699789 1335.7168264710899166 1974.5953199002399288 5555.2796503108802426 7529.8749702111099396 8552.6795587634005642
274000 0.91246968973961695148 312.74309232720997898 1171.9294723569200869 1969.7290065096899525 5592.434288309479598 7562.1632948191700052 8459.5502394405793893
275000 0.91246968973961695148 307.66340138260898129 1901.0929297684699577 1971.6115364253998905 5501.5998669919199529 7473.2114034173200707 8928.9440357362800569
276000 0.91246968973961695148 309.39117144002000259 1190.2311085040000762 1987.0461578913700578 5532.4956429448902782 7519.5418008362603359 8430.9429414745791291
277000 0.91246968973961695148 306.81815589670100053 -684.33915577838399713 1954.8384622285200294 5486.4852890735000983 7441.3237513020203551 6917.301582242909717
278000 0.91246968973961695148 309.08662875380798596 1221.9588176826300696 1953.6338814071300476 5527.0498473305096923 7480.6837287376301902 8416.3798740424008429
279000 0.91246968973961695148 309.03922297667901375 1229.8188486912799817 2092.6469196314401415 5526.2021429367596284 7618.8490625681997699 8560.5639055658393772
280000 0.91246968973961695148 306.07375268213797881 1129.5044543137400979 2022.0362174122699344 5473.1739604987496932 7495.2101779110298594 8360.1108183517699217
