Step Density Temperature Pressure KinEng PotEng TotEng

251000 0.83620539375020197514 308.95205276531100935 -1724.6023186978600279 1335.408214457260101 4603.715991870990365 5939.1242063282497838 4618.5365413122199243
252000 0.83620539375020197514 317.86062805835899781 -1253.9703437487401061 1420.1434921484699316 4736.4632909237298009 6156.6067830722004146 5196.398304690459554
253000 0.83620539375020197514 307.75124036977399555 -1349.4410852601999977 1313.4788610567800333 4585.8226029807501618 5899.3014640375304225 4865.9877356842198424
254000 0.83620539375020197514 308.3858428654360182 -2220.0582443063199207 1401.3528831002099651 4595.2788588353696468 5996.6317419355800666 4296.6563323804903121
255000 0.83620539375020197514 306.41524812895602281 -1596.0065711389399894 1347.1063241328099593 4565.9148898290795842 5913.0212139618897709 4690.9037621414800014
256000 0.83620539375020197514 308.77092359037300184 -1341.2607808338400446 1280.8556117979699138 4601.0169734576402334 5881.8725852556099198 4854.8227990322702681
257000 0.83620539375020197514 318.42368135932099449 -784.74303386961196338 1347.8274665681899478 4744.8533872597499794 6092.6808538279401546 5491.7759614363303626
258000 0.83620539375020197514 304.14207692509899061 -1271.3597420263199638 1321.2483870650899007 4532.0422078715100724 5853.2905949366004279 4879.7664526371900138
259000 0.83620539375020197514 309.74480062474498254 -963.18723909461004951 1352.2753351736500917 4615.528782772789782 5967.8041179464398738 5230.2583236153895996
260000 0.83620539375020197514 305.27857258914502836 830.13270456299403577 1301.9442297661798875 4548.9772086796601798 5850.9214384458500717 6486.5827721265295622
261000 0.83620539375020197514 309.97289318902301147 -1826.8187543533499593 1448.2693431098300607 4618.9276059118401463 6067.1969490216697523 4668.3386226334296225
262000 0.83620539375020197514 307.51084527301702565 -2881.4978285324300487 1371.4078708039899084 4582.2404589509496873 5953.6483297549402778 3747.1857453815700865
263000 0.83620539375020197514 305.40636844587601217 105.67721359508000489 1230.4459565386400755 4550.8815036149599109 5781.3274601535904367 5862.2481589337603509
264000 0.83620539375020197514 308.51673480573901998 -1743.0971627096701013 1362.1565160039999682 4597.2292887269495623 5959.38580473095044 4624.6359977511801844
265000 0.83620539375020197514 312.16469852852702616 -676.87792680402003498 1491.218959992640066 4651.5878494746502838 6142.8068094672798907 5624.4979615852298593
266000 0.83620539375020197514 311.44503753860499273 -2066.4003302852402157 1371.1707089888400333 4640.8641310905895807 6012.0348400794300687 4429.7206117069899847
267000 0.83620539375020197514 306.95149800352800185 -792.93395330368105078 1303.8172372807500778 4573.9055864472502435 5877.7228237279996392 5270.5458609277502546
268000 0.83620539375020197514 317.10057407932600881 -987.07050613869796507 1456.9634010328500153 4725.1376738040498822 6182.1010748368998975 5426.2670365920203039
269000 0.83620539375020197514 311.01111241709298838 -1194.376747758529973 1310.458785836530069 4634.3981827232000796 5944.8569685597403804 5030.2813685090695799
270000 0.83620539375020197514 306.8131794436050086 -1572.046676579690029 1267.9440839615099321 4571.8444919809999192 5839.7885759425098513 4636.0180443755198212
271000 0.83620539375020197514 310.86975136004002707 159.90524483392599109 1310.0558107684200877 4632.2917517959403995 5942.3475625643695821 6064.7925411020796673
272000 0.83620539375020197514 305.83724276970497158 -2251.5130966836500193 1297.4928554990599423 4557.3019918342197343 5854.794847333279904 4130.7333690050900259
273000 0.83620539375020197514 308.83990498037900352 -1039.4303522057300597 1299.8094147153999529 4602.0448699401804333 5901.8542846555801589 5105.9265006766299848
274000 0.83620539375020197514 312.60983604822098414 -206.12965903491800645 1402.0697051396500683 4658.2208745659199849 6060.2905797055800576 5902.4499678936899727
275000 0.83620539375020197514 311.77771724463298142 -1006.8190878334800118 1350.8990645384299114 4645.8214144913699784 5996.7204790297901127 5225.7642684991997157
276000 0.83620539375020197514 312.75595515376397771 -1444.862281764169893 1382.3231537815499905 4660.3982055041296917 6042.7213592856796822 4936.3403192872301588
277000 0.83620539375020197514 307.13344141524999031 -1967.6309084640899982 1361.6757196185299108 4576.6167378594500406 5938.2924574779799514 4431.6093927214296855
278000 0.83620539375020197514 312.37398234925302631 -584.94812911663598243 1363.0497840298100982 4654.7064022199401734 6017.7561862497495895 5569.8411651399101174
279000 0.83620539375020197514 311.83894880090497281 -2746.0358456985800331 1306.6458754182399389 4646.7338301632998991 5953.3797055815502972 3850.6450483189701117
280000 0.83620539375020197514 306.33140305074198295 -1774.392579060089929 1380.1431405812400044 4564.6655084964204434 5944.8086490776604478 4586.0948590069401689
