Step Density Temperature Pressure KinEng PotEng TotEng

151000 0.83620539375020197514 322.51164362430898791 7264.4401638912504495 1521.6862334847699003 4805.768396838229819 6327.4546303230099511 11890.087806489100331
152000 0.83620539375020197514 313.47688564847101134 483.60642414970902792 1343.1313382792700395 4671.1408408671295547 6014.2721791464000489 6384.586350437100009
153000 0.83620539375020197514 311.80656473542597951 -2910.1180356252398269 1358.6605079017599564 4646.25127295484981 6004.9117808566097665 3776.5337136805101181
154000 0.83620539375020197514 313.67261202530301034 -1990.0120154864500819 1369.601457057639891 4674.0573731995300477 6043.6588302571699387 4519.8377774887203486
155000 0.83620539375020197514 307.02177255025299019 -1236.4082062276099805 1366.6487940447200344 4574.9527523478600415 5941.6015463925796212 4994.8410043439198489
156000 0.83620539375020197514 319.7347148169940283 -977.19147929963503429 1388.4916232042598949 4764.3891878506301509 6152.8808110548898185 5404.6114854655497766
157000 0.83620539375020197514 309.5999039661519987 -871.13733284997897499 1290.1970129914300287 4613.3696676014797049 5903.5666805929104157 5236.5066843120102931
158000 0.83620539375020197514 307.88926124366099657 -2097.0930181035901114 1316.2895754523899541 4587.8792616067003109 5904.1688370591000421 4298.3521556865398452
159000 0.83620539375020197514 311.98682373333497253 -2086.0336202659200353 1420.1350630858000841 4648.9373247998701117 6069.0723878856697411 4471.7242700819797392
160000 0.83620539375020197514 315.97884039283900393 -1749.5495259553599681 1407.9364545550199637 4708.4226422485799048 6116.3590968035896367 4776.6684920410198174
161000 0.83620539375020197514 308.35648389996498508 -2150.0808811032197809 1317.83649255576006 4594.8413788521902461 5912.6778714079500787 4266.2865500072402938
162000 0.83620539375020197514 313.80165043139902536 -318.44086630307998576 1405.1576439752100214 4675.9801834491900081 6081.1378274243998021 5837.2966383470302389
163000 0.83620539375020197514 314.50754628350802022 -1086.6541066029799367 1295.2431197648700163 4686.4987865588300338 5981.7419063237002774 5149.6532597060795524
164000 0.83620539375020197514 310.09427661060999526 -1862.6023328938699706 1414.568837605329918 4620.7363487057700695 6035.3051863111004423 4609.0461357568201493
165000 0.83620539375020197514 309.90393232115502542 -1146.94107757991992 1309.2930400166299023 4617.900015231100042 5927.1930552477297169 5048.9405890815996827
166000 0.83620539375020197514 312.50201393134500449 -1362.5400965326800815 1283.2127432837201013 4656.6142097151996495 5939.8269529989102011 4896.4828585010100142
167000 0.83620539375020197514 305.90274945482599378 -1585.4628594844600684 1326.6761207304400614 4558.2781114979898121 5884.9542322284296461 4670.9104652241803706
168000 0.83620539375020197514 314.22248050201102387 -1209.2517833529300333 1361.1993745504501021 4682.2510015538000516 6043.450376104249699 5117.4844466369595466
169000 0.83620539375020197514 309.93635784563201696 -1531.8369504205199974 1361.7336382005100859 4618.3831902229603656 5980.1168284234699968 4807.1362753945995792
170000 0.83620539375020197514 306.93967937846400673 -2044.6726244112001041 1315.1041196792000392 4573.7294762944802642 5888.8335959736896257 4323.1570237468204141
171000 0.83620539375020197514 312.39434206363000612 -2216.0119099970997922 1342.8250652433000596 4655.0097837376397365 5997.8348489809395687 4300.95785760571016
172000 0.83620539375020197514 306.43757154966402823 -1550.7945896917899518 1337.1078231546900952 4566.2475326711901289 5903.3553558258799967 4715.8582824908098701
173000 0.83620539375020197514 312.24251201126099886 -279.67094763481100017 1381.7048002005499256 4652.7473535842200363 6034.4521537847704167 5820.2984328337697661
174000 0.83620539375020197514 315.17854279008099638 -1728.8439142516099309 1327.2728284462600641 4696.4973520972398546 6023.7701805435099232 4699.9345790568304437
175000 0.83620539375020197514 310.14747965973299415 -839.85307513999498497 1241.5825732053999673 4621.5291310351603897 5863.111704240560357 5220.0071464935599579
176000 0.83620539375020197514 305.745429860180991 -526.37822979458803729 1390.0028888471799746 4555.9338812939204217 5945.936770141100169 5542.8707474045995696
177000 0.83620539375020197514 312.63612003193702549 -494.59476956283401705 1401.6129632926499653 4658.6125340324297213 6060.2254973250801413 5681.4971697653299998
178000 0.83620539375020197514 306.80335024890399609 -1053.505860070989911 1404.2081299110300279 4571.6980264682097186 5975.9061563792402012 5169.2002690287599762
179000 0.83620539375020197514 302.50560022929698789 -991.1658434014290151 1318.4273281448199668 4507.6569549905098029 5826.0842831353302245 5067.1143034536298728
180000 0.83620539375020197514 312.15146737100002383 -1362.2627013522198922 1254.9537401559400678 4651.3906910775604047 5906.3444312334995629 4863.2127478228803739
181000 0.83620539375020197514 306.97946174136598074 227.3758881766129889 1390.8661838284199348 4574.3222760465596366 5965.1884598749802535 6139.2980444398499458
182000 0.83620539375020197514 310.59517095690699762 -1011.5608560172599937 1314.6171393225499742 4628.2002101420002873 5942.8173494645598112 5168.2302029749998837
183000 0.83620539375020197514 305.97072983420997616 -2724.5756725792898578 1421.4406419304100382 4559.2910918517400205 5980.7317337821496039 3894.4298735784500423
184000 0.83620539375020197514 310.03284691424397579 -434.93715330398299557 1421.4171280978300729 4619.8209805345295536 6041.2381086323603085 5708.1916819384096016
185000 0.83620539375020197514 314.23530176323600926 -1493.0750300736199279 1394.0437553660999583 4682.442052057629553 6076.4858074237299661 4933.1865979298099774
186000 0.83620539375020197514 309.50899899804102233 -2754.8046115229699353 1339.5280792659400504 4612.015086359219822 5951.5431656251703316 3842.093960979950225
187000 0.83620539375020197514 311.97930684636497745 -1467.5375589165801102 1411.4971807105000607 4648.8253151451599479 6060.322495855660236 4936.5782115987303769
188000 0.83620539375020197514 308.04725094544198782 -1097.5788283544000024 1263.5986168861800252 4590.2334771237301538 5853.8320940099201835 5013.3780099623299975
189000 0.83620539375020197514 306.46559686012602697 -1436.0673131119599475 1409.6826460505099021 4566.6651397684499898 5976.3477858189598919 4876.7013576150002336
190000 0.83620539375020197514 312.66585362598499387 -125.04487207113000125 1237.9390701774400441 4659.0555963820397665 5896.994666559489815 5801.243481581769629
191000 0.83620539375020197514 314.39107008697601486 -1472.9613609211000949 1240.1153511849099687 4684.7631666662100542 5924.8785178511298 4796.9810407409795516
192000 0.83620539375020197514 315.17707870126599801 -1393.5623550615300701 1178.3568586644501011 4696.4755356081595892 5874.832394272610145 4807.7334830787203828
193000 0.83620539375020197514 305.87452048963797324 -1435.829287454120049 1421.4093701629999487 4557.8574697274998471 5979.2668398904897913 4879.8026761682103825
194000 0.83620539375020197514 316.44801558522999585 -2455.6584141296498274 1345.2136834505499792 4715.4138543698900321 6060.6275378204400113 4180.2449266913099564
195000 0.83620539375020197514 309.10010040603901871 -1048.415113451120078 1391.8541820280699994 4605.922060045910257 5997.7762420739800291 5194.9685155452998515
196000 0.83620539375020197514 313.86005714554602264 -1319.3215357442400091 1432.5994112789298924 4676.8505059524595708 6109.4499172313999225 5099.199770050029656
197000 0.83620539375020197514 311.49096672938202346 -2477.6567216294602076 1342.7077523020000172 4641.5485251516802236 5984.2562774536800134 4087.0288011515699509
198000 0.83620539375020197514 308.53624888712300844 -2823.3937939687898506 1383.2839696637699944 4597.5200694087097872 5980.8040390724800091 3818.8337243084602051
199000 0.83620539375020197514 308.08923173994799072 -529.28488355790398145 1507.2178842936700676 4590.859035857820345 6098.0769201514904125 5692.7851720609696713
200000 0.83620539375020197514 303.26545415398197747 -1797.8569277552398944 1431.368995431130088 4518.9795910864595498 5950.3485865175898653 4573.667332806990089
201000 0.83620539375020197514 302.48665050816902067 -467.297940322300974 1489.0684669802999451 4507.3745838801096397 5996.443050860420044 5638.6168498942897713
202000 0.83620539375020197514 306.62596378295597788 -811.7075757215690146 1370.30842439526009 4569.0547784214204512 5939.3632028166803138 5317.8106277816896181
203000 0.83620539375020197514 317.86775914554800693 -2023.9916748202499548 1409.0539309762300491 4736.5695517491103601 6145.6234827253401818 4595.7830291413201849
204000 0.83620539375020197514 306.19803186512098137 -2144.1696811772999354 1427.1999474511799235 4562.6781351981899206 5989.8780826493702989 4348.0131715537900163
205000 0.83620539375020197514 308.43983404781602076 -1831.9594256416000917 1367.1489241683500495 4596.0833851931602112 5963.2323093615095786 4560.4375931055601541
206000 0.83620539375020197514 310.57676085251199538 -1281.49574390295993 1407.5946995618101028 4627.9258798980299616 6035.5205794598396096 5054.234949827519813
207000 0.83620539375020197514 305.6878033977729956 -2677.8732909742498123 1316.1718465017499966 4555.0751853760002632 5871.2470318777495777 3820.7068011267301699
208000 0.83620539375020197514 309.19775775232602655 -588.42045384709103928 1400.1281040775199926 4607.3772589442596654 6007.5053630217798855 5556.9314627267203832
209000 0.83620539375020197514 317.66391354520601453 -2620.6098627944597865 1426.846421853899983 4733.5320343033899917 6160.3784561573002065 4153.6868136233297264
210000 0.83620539375020197514 308.73336420365700405 -297.26298793228897921 1351.8475078901799407 4600.4572984280703167 5952.3048063182495753 5724.6802514437204081
211000 0.83620539375020197514 310.21061285017799491 -312.15400483803898624 1434.0066079024500141 4622.4698830899496897 6056.4764909923997038 5817.4493692582000222
212000 0.83620539375020197514 303.79899043158098948 -1954.5944362515499506 1301.4199206085900187 4526.9298522076896916 5828.349772816280165 4331.64918588233013
213000 0.83620539375020197514 320.10327403836902249 -1447.8467545492599129 1320.066853280020041 4769.8811144010696808 6089.9479676810897217 4981.2816136111996457
214000 0.83620539375020197514 313.22327644585999451 -699.93359315890404559 1403.3461793548999594 4667.3617925284197554 6070.7079718833201696 5534.7446025693498086
215000 0.83620539375020197514 307.60576339715697713 -1020.1855870366999852 1399.3542758055600643 4583.6548405098701551 5983.0091163154302194 5201.8177148768600091
216000 0.83620539375020197514 310.60722447797701307 -2360.8568936606598072 1385.4741464425399045 4628.3798204964696197 6013.8539669390102063 4206.0641600748404016
217000 0.83620539375020197514 317.12516522840701327 -1725.6713509177200194 1406.6561539231699953 4725.5041082241095864 6132.1602621472702594 4810.7540021730101216
218000 0.83620539375020197514 308.3879479176220002 -1661.7009962478200578 1408.0638767678499335 4595.3102263641703757 6003.3741031320296315 4730.952157041529972
219000 0.83620539375020197514 300.76638827788298158 -1685.410870520699973 1421.8679815964098907 4481.7408369316999597 5903.608818528109623 4613.0314013679198979
220000 0.83620539375020197514 306.91397248695199096 -1500.4755320631400082 1358.747951755189888 4573.3464161189804145 5932.0943678741596159 4783.1283379565802534
221000 0.83620539375020197514 312.53097319561902623 -876.00943173201801528 1366.2305554298400239 4657.0457337230700432 6023.2762891529200715 5352.485558188070172
222000 0.83620539375020197514 311.67909311924000804 -1566.2207191165200584 1374.4883948734400292 4644.351809550429607 6018.840204423870091 4819.5308100589900278
223000 0.83620539375020197514 312.00534819960597588 -2131.8527275029100565 1449.2058803119500681 4649.213359158109597 6098.4192394700603472 4465.9858459577599206
224000 0.83620539375020197514 313.90344395962500812 -900.42326971072395736 1366.1720717183300167 4677.4970158818196069 6043.6690876001403012 5354.1838361995896776
225000 0.83620539375020197514 313.3819233771960171 -1118.064416722219903 1440.1897782676799125 4669.7258014686804017 6109.9155797363600868 5253.7749718937902799
226000 0.83620539375020197514 313.8452463100459795 431.59125579472600975 1289.8961707931500769 4676.6298086642100316 5966.5259794573503314 6297.0103366636203646
227000 0.83620539375020197514 309.71851085440698625 -2021.0334007765300157 1326.2367882323999311 4615.1370370794202245 5941.3738253118299326 4393.7986245165302535
228000 0.83620539375020197514 318.85083449490997509 -718.46468633829397277 1295.2706959779700355 4751.2184257946701109 6046.4891217726299146 5496.335853253120149
229000 0.83620539375020197514 309.91756932520200962 -469.10994881683598123 1315.6482636785999603 4618.1032211753499723 5933.7514848539503873 5574.5377662898099516
230000 0.83620539375020197514 310.59400860698900715 -2289.2889837025700217 1322.6013421431400729 4628.1828898851699705 5950.7842320283098161 4197.7964500002099157
231000 0.83620539375020197514 311.46792845949698858 -1238.122753186790078 1401.2168912576400999 4641.2052302923502793 6042.4221215499901518 5094.3486915729999964
232000 0.83620539375020197514 306.61692757147199018 -1345.2849256359399988 1339.2271487784501005 4568.9201292066300084 5908.1472779850801089 4878.0160648552000566
233000 0.83620539375020197514 311.59113357070998518 -2164.9364261006999186 1245.212914254170073 4643.0411182098896461 5888.2540324640503968 4230.4873062711403691
234000 0.83620539375020197514 315.00937123607701551 -2195.9039692628598459 1366.7097696587500195 4693.9765150237699345 6060.6862846825197266 4379.2066392429996995
235000 0.83620539375020197514 312.39301188497398698 -2596.9715009118599482 1300.159590197919897 4654.9899626531196191 5955.1495528510404256 3966.5586218752700916
236000 0.83620539375020197514 306.52190493951599137 -2745.6672458745501899 1552.3963788851999652 4567.5041903694800567 6119.9005692546797945 4017.4481616305702119
237000 0.83620539375020197514 308.59824366829502651 32.384679824640301149 1486.7126397805900524 4598.4438579478701286 6085.1564977284697306 6109.9545675491099246
238000 0.83620539375020197514 308.29959970515602663 -2046.0987905602401042 1421.1488458724900283 4593.9937435153096885 6015.142589387800399 4448.3739523966296474
239000 0.83620539375020197514 311.08768957281898793 -754.55432134790396503 1445.5055593776999103 4635.5392642381802943 6081.0448236158799773 5503.2564729026898931
240000 0.83620539375020197514 315.78122775740297357 -1190.7016451941599371 1321.9842481575799411 4705.4780026457301574 6027.4622508033098711 5115.7008039412103244
241000 0.83620539375020197514 310.12120515301097612 -898.12862970583898914 1285.4914499167200574 4621.1376127859903136 5906.6290627027101436 5218.9008965462398919
242000 0.83620539375020197514 312.24986373538297357 -1316.2484654026100088 1342.2331209522499194 4652.8569021358698592 5995.0900230881197785 4987.1930321926301986
243000 0.83620539375020197514 311.40550128028098698 -2347.4794371895400218 1367.0531050353699811 4640.2749985599002684 6007.3281035952795719 4209.781877998229902
244000 0.83620539375020197514 314.73634149208498911 -1674.7002055120099158 1316.0318462142399767 4689.9080798493796465 6005.9399260636200779 4723.5640356793401224
245000 0.83620539375020197514 310.54585736967300136 -1827.5066995369800225 1286.2683277665701098 4627.4653849543101387 5913.7337127208802485 4514.3486029032801525
246000 0.83620539375020197514 308.41133438518897947 -2003.9605022908899628 1348.7746308791199681 4595.6587097413403171 5944.4333406204596031 4409.9314489015596337
247000 0.83620539375020197514 308.06171372384199003 -1611.7720174359399152 1453.1584087251399069 4590.4489879889597432 6043.6073967141101093 4809.4177971947401602
248000 0.83620539375020197514 307.56341341973097769 -1780.8476583707499685 1378.3997945465901012 4583.0237805554497754 5961.4235751020396492 4597.7669074635796278
249000 0.83620539375020197514 308.23536946374099443 -2894.510407129630039 1409.416355240879966 4593.0366442278400427 6002.4529994687200087 3786.0262334407198068
250000 0.83620539375020197514 305.08830136105200381 -1404.9662296715800949 1335.1314658419998977 4546.1419638974202826 5881.273429739419953 4805.4421771934703429
251000 0.83620539375020197514 308.95205276531100935 -1724.6023186978600279 1335.408214457260101 4603.715991870990365 5939.1242063282497838 4618.5365413122199243
252000 0.83620539375020197514 317.86062805835899781 -1253.9703437487401061 1420.1434921484699316 4736.4632909237298009 6156.6067830722004146 5196.398304690459554
253000 0.83620539375020197514 307.75124036977399555 -1349.4410852601999977 1313.4788610567800333 4585.8226029807501618 5899.3014640375304225 4865.9877356842198424
254000 0.83620539375020197514 308.3858428654360182 -2220.0582443063199207 1401.3528831002099651 4595.2788588353696468 5996.6317419355800666 4296.6563323804903121
255000 0.83620539375020197514 306.41524812895602281 -1596.0065711389399894 1347.1063241328099593 4565.9148898290795842 5913.0212139618897709 4690.9037621414800014
256000 0.83620539375020197514 308.77092359037300184 -1341.2607808338400446 1280.8556117979699138 4601.0169734576402334 5881.8725852556099198 4854.8227990322702681
257000 0.83620539375020197514 318.42368135932099449 -784.74303386961196338 1347.8274665681899478 4744.8533872597499794 6092.6808538279401546 5491.7759614363303626
258000 0.83620539375020197514 304.14207692509899061 -1271.3597420263199638 1321.2483870650899007 4532.0422078715100724 5853.2905949366004279 4879.7664526371900138
259000 0.83620539375020197514 309.74480062474498254 -963.18723909461004951 1352.2753351736500917 4615.528782772789782 5967.8041179464398738 5230.2583236153895996
260000 0.83620539375020197514 305.27857258914502836 830.13270456299403577 1301.9442297661798875 4548.9772086796601798 5850.9214384458500717 6486.5827721265295622
261000 0.83620539375020197514 309.97289318902301147 -1826.8187543533499593 1448.2693431098300607 4618.9276059118401463 6067.1969490216697523 4668.3386226334296225
262000 0.83620539375020197514 307.51084527301702565 -2881.4978285324300487 1371.4078708039899084 4582.2404589509496873 5953.6483297549402778 3747.1857453815700865
263000 0.83620539375020197514 305.40636844587601217 105.67721359508000489 1230.4459565386400755 4550.8815036149599109 5781.3274601535904367 5862.2481589337603509
264000 0.83620539375020197514 308.51673480573901998 -1743.0971627096701013 1362.1565160039999682 4597.2292887269495623 5959.38580473095044 4624.6359977511801844
265000 0.83620539375020197514 312.16469852852702616 -676.87792680402003498 1491.218959992640066 4651.5878494746502838 6142.8068094672798907 5624.4979615852298593
266000 0.83620539375020197514 311.44503753860499273 -2066.4003302852402157 1371.1707089888400333 4640.8641310905895807 6012.0348400794300687 4429.7206117069899847
267000 0.83620539375020197514 306.95149800352800185 -792.93395330368105078 1303.8172372807500778 4573.9055864472502435 5877.7228237279996392 5270.5458609277502546
268000 0.83620539375020197514 317.10057407932600881 -987.07050613869796507 1456.9634010328500153 4725.1376738040498822 6182.1010748368998975 5426.2670365920203039
269000 0.83620539375020197514 311.01111241709298838 -1194.376747758529973 1310.458785836530069 4634.3981827232000796 5944.8569685597403804 5030.2813685090695799
270000 0.83620539375020197514 306.8131794436050086 -1572.046676579690029 1267.9440839615099321 4571.8444919809999192 5839.7885759425098513 4636.0180443755198212
271000 0.83620539375020197514 310.86975136004002707 159.90524483392599109 1310.0558107684200877 4632.2917517959403995 5942.3475625643695821 6064.7925411020796673
272000 0.83620539375020197514 305.83724276970497158 -2251.5130966836500193 1297.4928554990599423 4557.3019918342197343 5854.794847333279904 4130.7333690050900259
273000 0.83620539375020197514 308.83990498037900352 -1039.4303522057300597 1299.8094147153999529 4602.0448699401804333 5901.8542846555801589 5105.9265006766299848
274000 0.83620539375020197514 312.60983604822098414 -206.12965903491800645 1402.0697051396500683 4658.2208745659199849 6060.2905797055800576 5902.4499678936899727
275000 0.83620539375020197514 311.77771724463298142 -1006.8190878334800118 1350.8990645384299114 4645.8214144913699784 5996.7204790297901127 5225.7642684991997157
276000 0.83620539375020197514 312.75595515376397771 -1444.862281764169893 1382.3231537815499905 4660.3982055041296917 6042.7213592856796822 4936.3403192872301588
277000 0.83620539375020197514 307.13344141524999031 -1967.6309084640899982 1361.6757196185299108 4576.6167378594500406 5938.2924574779799514 4431.6093927214296855
278000 0.83620539375020197514 312.37398234925302631 -584.94812911663598243 1363.0497840298100982 4654.7064022199401734 6017.7561862497495895 5569.8411651399101174
279000 0.83620539375020197514 311.83894880090497281 -2746.0358456985800331 1306.6458754182399389 4646.7338301632998991 5953.3797055815502972 3850.6450483189701117
280000 0.83620539375020197514 306.33140305074198295 -1774.392579060089929 1380.1431405812400044 4564.6655084964204434 5944.8086490776604478 4586.0948590069401689
