Step Density Temperature Pressure KinEng PotEng TotEng

151000 0.64747182761157695552 270.87189880046702228 -13747.581493332500031 899.76179149747201791 1694.7697065565200774 2594.531498054000167 -7304.4981041658002141
152000 0.64747182761157595632 300.51697073667702398 3308.8280300049600555 623.57496810621398708 1880.2506297850600276 2503.8255978912698083 4886.3673295812595825
153000 0.64747182761157595632 297.39964189925200344 -6180.2207144560597953 439.07386195562497733 1860.7463751819100253 2299.8202371375400617 -2150.2852472579102141
154000 0.64747182761157595632 308.48093318001701846 1276.1800178524999865 456.97433379265498843 1930.0789152325301075 2387.0532490251798663 3305.9744265872300275
155000 0.64747182761157595632 311.37100705046702842 -2293.8100974023800518 348.82548920621002253 1948.1612990716701006 2296.9867882778798958 645.31488750979201541
156000 0.64747182761157595632 306.53824323967000964 -1543.2945274882099511 367.26172489509502839 1917.924047655970071 2285.1857725510599266 1173.9271689953100122
157000 0.64747182761157595632 314.47157520357501426 594.27765733885098598 408.06641085655797951 1967.5606867610999871 2375.6270976176601835 2803.5403363781101689
158000 0.64747182761157595632 303.230606556472992 -2219.7150740444599251 410.8015630732010095 1897.2290900918899297 2308.030653165089916 709.71132426229996781
159000 0.64747182761157595632 307.16377789659100017 1209.8310215242699996 407.04738170973297429 1921.837843039119889 2328.8852247488498506 3200.0314042831100778
160000 0.64747182761157595632 316.66113813632000529 -618.34291408595504436 349.80296008350097736 1981.2601695994799229 2331.0631296829801613 1885.8215565503999187
161000 0.64747182761157595632 311.52357249390701099 -73.672278748482099786 387.78710029052598429 1949.1158583779499622 2336.9029586684800961 2283.8547866283402072
162000 0.64747182761157595632 308.59733572175599647 -1091.6473422705100802 377.40259639709000794 1930.8072133778100579 2308.2098097748998953 1522.1625067229999786
163000 0.64747182761157595632 314.32585793934697449 268.07489244590698263 368.50365062047501397 1966.6489745966800911 2335.1526252171502165 2528.1815806898598566
164000 0.64747182761157595632 304.62742252586798486 963.43383939742204802 358.38293210362598984 1905.9685769159100346 2264.3515090195301127 2958.0779001379100919
165000 0.64747182761157595632 308.1999096458899885 -1271.0276434534200689 330.17042128829200465 1928.3206295831998887 2258.491050871490188 1343.279871807940026
166000 0.64747182761157595632 309.51055513976200473 440.27599383960802015 354.40174141775599992 1936.520971844189944 2290.9227132619498661 2607.9461183080497904
167000 0.64747182761157595632 310.36573344975499822 -343.53706986091100362 397.41962565321898637 1941.8715833321300579 2339.2912089853498401 2091.9252540599400163
168000 0.64747182761157695552 309.66475596309601315 773.14771387974394656 431.99661540318800235 1937.4857632650400774 2369.4823786682300124 2926.1920886849297858
169000 0.64747182761157695552 305.60311728808898124 411.96125903317602024 417.58840843959302447 1912.0732261363700673 2329.6616345759598516 2626.2968427480300306
170000 0.64747182761157695552 311.26901462153000466 1105.5128013629901034 414.6059023783159887 1947.5231609716199728 2362.1290633499302203 3158.1602744857000289
171000 0.64747182761157595632 306.26899653181300209 -194.85015525689098581 389.59628380248898338 1916.2394463145699319 2305.8357301170599385 2165.5326916647600228
172000 0.64747182761157595632 314.1745603314710138 -156.13003233234098843 386.03860328723800421 1965.7023477829100102 2351.7409510701500039 2239.3185724428199137
173000 0.64747182761157595632 311.21114777255701256 -30.266380367278099328 429.34798213561202829 1947.1611042832400926 2376.5090864188500746 2354.7155952980301663
174000 0.64747182761157595632 312.00767621903202098 334.04372124495301932 272.90297652086798053 1952.1447599798000283 2225.0477365006699983 2465.5779480613900887
175000 0.64747182761157595632 308.13395142298497831 -162.77165813191498955 405.64130606033700133 1927.907947431330058 2333.5492534916597833 2216.3445318443200449
176000 0.64747182761157595632 308.39616350302401315 1387.9901976036101132 309.38357789546898857 1929.5485350740900685 2238.9321129695599666 3238.3628899635100424
177000 0.64747182761157695552 311.70604772312202613 -471.25571158366301461 356.97534101080202618 1950.257554847909887 2307.2328958587099805 1967.9023567784900024
178000 0.64747182761157595632 308.50960208883100222 -144.24278496413398898 368.17362970197399363 1930.258288576140103 2298.4319182781100608 2194.5690243604299212
179000 0.64747182761157595632 308.37571398166801373 -341.98614992663402745 282.94047115222400635 1929.4205881387999852 2212.3610592910199557 1966.1118536896799469
180000 0.64747182761157595632 311.54405477912098377 -415.40055638936701143 343.43112912888801702 1949.2440103075400657 2292.6751394364300722 1993.5634443014500903
181000 0.64747182761157595632 315.7350238034330232 368.95936028634798731 402.9369779518830228 1975.4657312574599928 2378.4027092093501778 2644.0741388540400294
182000 0.64747182761157595632 310.87308553544397682 -69.304136148962498964 390.23475303249500712 1945.0459434233400771 2335.2806964558299114 2285.377832040910107
183000 0.64747182761157595632 310.52249037145702459 -658.78424977384497652 344.11244531979997419 1942.8523675455101056 2286.9648128653097956 1812.6032101972200508
184000 0.64747182761157595632 314.88193694601602601 -284.98458270751501686 380.7875673936400176 1970.1282054033099485 2350.9157727969500229 2145.7108920863897765
185000 0.64747182761157595632 315.55918877605199668 -701.6889658197000017 325.37030468498102209 1974.3655806730801032 2299.7358853580599316 1794.4804811570400034
186000 0.64747182761157595632 308.64088193702900753 -1038.2130570668700784 338.00757416608200856 1931.0796698666799784 2269.087244032759827 1521.5156227770100941
187000 0.64747182761157595632 312.95454913493102822 -479.76993346422000286 330.14099190234998105 1958.0690789694499472 2288.2100708717998714 1942.7488145831400743
188000 0.64747182761157595632 296.53499893084301675 619.01535670351495355 304.21642046783199476 1855.3365459735800869 2159.5529664414198123 2605.2787359673898209
189000 0.64747182761157595632 304.30538486433300704 -564.75522063300797981 322.97106113336099042 1903.9536773432400878 2226.9247384765999414 1820.2693096824000349
190000 0.64747182761157595632 310.88827151302899665 -217.36669007607400772 297.51425765654499855 1945.140957837500082 2242.6552154940400214 2086.1390093058398634
191000 0.64747182761157595632 315.22319822347901663 451.50363684626501026 269.31469327647999989 1972.2633817638900382 2241.5780750403700949 2566.6860126669798774
192000 0.64747182761157695552 306.07710739475902528 11.599834495144300206 340.28181670933099667 1915.03884965638008 2255.3206663657101672 2263.6731976894197942
193000 0.64747182761157595632 308.16035063150798123 -413.70525953369298122 301.95051608394800269 1928.0731198950700218 2230.0236359790101233 1932.1326496477599903
194000 0.64747182761157595632 315.64971007766200728 333.18853330810600255 330.09539029976298252 1974.9319471379899369 2305.027337437749793 2544.9417657273202167
195000 0.64747182761157595632 303.52974053690098799 21.201795834742700464 311.66211118961297188 1899.1006877381400955 2210.7627989277498273 2226.0292808678700567
196000 0.64747182761157595632 314.37364819896498602 -653.5856327686659597 319.07603114738799377 1966.9479848839400802 2286.0240160313201159 1815.4057091312799912
197000 0.64747182761157595632 303.39569954764698423 -513.72735426428005212 252.646455361296006 1898.2620307603199308 2150.9084861216101672 1780.9959826170099859
198000 0.64747182761157595632 310.32300877608201972 -1.7595673491672900735 301.33756503929697601 1941.6042669992600622 2242.9418320385598236 2241.6748448754001402
199000 0.64747182761157595632 315.91169644399002436 -47.833517948619402205 343.11522437478299707 1976.5711225531999844 2319.6863469279801393 2285.2435316312398754
200000 0.64747182761157595632 310.44537542977798239 -304.97040837985798589 251.27695783127501272 1942.3698809248699035 2193.646838756139914 1974.0510428106899781
201000 0.64747182761157595632 316.29591140974702057 380.20524341587901063 325.65780691650701328 1978.9750481270700675 2304.6328550435800935 2578.4019511801097906
202000 0.64747182761157595632 300.63969043564497952 -68.291081992092998121 306.69653353121202599 1881.0184526161899612 2187.7149861473999408 2138.541577534750104
203000 0.64747182761157595632 303.30780719088602382 831.25666091772598065 335.96429459868801359 1897.7121128680000766 2233.6764074666798479 2832.2278179426098177
204000 0.64747182761157595632 311.38887030219899543 196.50544497081901341 333.00630697142401004 1948.2730644413200025 2281.2793714127501516 2422.7743112832199586
205000 0.64747182761157595632 306.35035730450397295 -368.06518170449902527 317.75546107695402043 1916.7484979122700679 2234.5039589892298864 1969.4763880665700526
206000 0.64747182761157595632 302.0009101195980179 -262.03409653420999348 341.05840392370902237 1889.5352234386600685 2230.5936273623701709 2041.9143836975099475
207000 0.64747182761157595632 305.88293508117402553 -503.30537332669598527 309.44805207762897226 1913.8239678012500917 2223.2720198788802008 1860.863927085719979
208000 0.64747182761157595632 305.06514632060901704 379.16858219849700617 265.08450805202500078 1908.7072922660399854 2173.7918003180698179 2446.8144422449399826
209000 0.64747182761157695552 312.71342544964898025 -375.46680761413500704 379.47830337956401081 1956.5604355141499582 2336.0387388937201649 2065.6815822530497826
210000 0.64747182761157595632 309.51467613795301759 214.23481635349500607 309.99368638825598055 1936.5467557772099099 2246.5404421654598082 2400.8015236464398185
211000 0.64747182761157595632 302.03393989040597489 -581.87780798589994902 246.65935244631899081 1889.741881476009894 2136.4012339223299932 1717.4165820458699727
212000 0.64747182761157595632 319.23968572454697323 32.985133678566000981 296.35042744995297426 1997.3934206262399584 2293.7438480761898063 2317.4949940414398952
213000 0.64747182761157595632 312.46627784298300412 -783.81525081518304887 275.24119252113098355 1955.0141020676799144 2230.2552945888101021 1665.8643597720999878
214000 0.64747182761157595632 300.12030128583097621 1071.629156027199997 279.97645173711600819 1877.7687799815701055 2157.7452317186798609 2929.3783181099101967
215000 0.64747182761157595632 311.56709966063897355 -1140.2919319754998924 316.93090254447599818 1949.3881956854299915 2266.3190982299001917 1445.2449627339699418
216000 0.64747182761157595632 306.71308919068701471 -197.74081892789300241 371.32670901372597427 1919.0180098661799093 2290.3447188799100331 2147.9602404839301926
217000 0.64747182761157595632 315.57283446501401158 -389.72609208913900147 362.37540810963298554 1974.4509579321500041 2336.8263660417801475 2056.2017249571799766
218000 0.64747182761157595632 308.45543828283501853 655.61565032962096211 309.38319760287998861 1929.9194007919099931 2239.3025983947900386 2711.3826317765901877
219000 0.64747182761157595632 309.03489755983997611 -859.4179118423850241 248.03249849851900422 1933.5449154104398986 2181.5774139089598975 1562.7483235608399355
220000 0.64747182761157595632 317.90738038186799486 1193.9078459630800353 310.26473681603800969 1989.0575587496200569 2299.3222955656601698 3159.0028957674398953
221000 0.64747182761157595632 312.19692445585400264 192.19195304178299466 383.39961864751199982 1953.3288332639099281 2336.7284519114300565 2475.1174357040799805
222000 0.64747182761157595632 303.18675603183100975 208.07053761333500574 361.11734789368802012 1896.9547296244099925 2258.0720775180998317 2407.8945326301600289
223000 0.64747182761157595632 310.18775018956802114 -945.86087357682401944 389.52460322360298051 1940.7579918559499674 2330.2825950795499921 1649.2097247961899029
224000 0.64747182761157595632 316.35764505995797435 -595.73310861066204325 369.6620853534399771 1979.361298309230051 2349.0233836626698576 1920.0621383687600883
225000 0.64747182761157595632 310.91817358776597757 -752.2294888526170098 348.1792806321220155 1945.3280467553599919 2293.5073273874800179 1751.859912427539939
226000 0.64747182761157595632 310.56470383510702504 351.07403832996499204 404.15153609759602205 1943.1164853802499692 2347.2680214778501977 2600.0610163536798609
227000 0.64747182761157595632 308.378556420788982 -538.93747313733103965 333.05458863694002503 1929.4383724853300919 2262.4929611222701169 1874.4277583140999468
228000 0.64747182761157595632 309.55969954303498071 192.97352028339099661 406.18767154880799808 1936.8284546295299151 2343.0161261783400732 2481.9678822131199922
229000 0.64747182761157595632 311.54874407468599884 -596.75282770418095879 330.30227425795101226 1949.2733499182700143 2279.5756241762201171 1849.8801239519100363
230000 0.64747182761157595632 309.14334999906998291 -271.76636244532397768 424.36895049357997323 1934.2234719880100329 2358.5924224815898924 2162.9054016016998503
231000 0.64747182761157595632 314.16061680836997994 -670.19566588580005373 335.99631798081497891 1965.6151070589401115 2301.6114250397499745 1819.0329628498400325
232000 0.64747182761157595632 309.56343861530001504 -466.87618811499601179 312.00531015299799265 1936.851848958860046 2248.8571591118598008 1912.680122520850091
233000 0.64747182761157595632 304.64953988398701767 -643.73535683195905222 313.03394537767701422 1906.1069590393199178 2219.1409044170000016 1755.6153485680999893
234000 0.64747182761157595632 310.03649737448597534 -834.93727934485002606 320.00532810778298654 1939.8116452981601014 2259.816973405940189 1658.6153112633999172
235000 0.64747182761157595632 304.80744589774201359 834.17847357656205531 391.76732870416299193 1907.094932800270044 2298.8622615044400845 2899.5175409420398864
236000 0.64747182761157595632 308.35440356990000055 -78.799555232692597428 317.26666602176800325 1929.2872548529999222 2246.5539208747700286 2189.8138222422498984
237000 0.64747182761157595632 320.97883664913700841 -226.05563175074800597 380.40082277751599804 2008.2748015121001117 2388.6756242896099138 2225.9028928433999681
238000 0.64747182761157595632 314.95445470085297757 -1095.5055244239299554 328.15356675880298098 1970.5819287117399199 2298.7354954705401724 1509.9100849117999132
239000 0.64747182761157595632 302.7946627917430078 -35.60246820834269954 272.86997583687201541 1894.5015118916398933 2167.3714877285101466 2141.7357141288198363
240000 0.64747182761157595632 320.86158866255999556 -347.49894550586498099 357.59315173550197642 2007.5412136549400657 2365.1343653904400526 2114.9156378294501337
241000 0.64747182761157595632 314.51374570318097312 -738.60887591838900335 303.90562776545402812 1967.8245357818300363 2271.7301635472899761 1739.8903537069600134
242000 0.64747182761157595632 305.48079721581501644 37.85769358331850043 383.33967825706099575 1911.3079036577000807 2294.6475819147599395 2321.907244251350221
243000 0.64747182761157595632 306.13642808439601595 376.30486366525002495 379.37854070846202603 1915.4100026191399593 2294.7885433276101139 2565.7491473209897777
244000 0.64747182761157595632 313.14493662999200296 -782.5752304199579612 294.76866362411601585 1959.2602802737098955 2254.028943897820227 1690.530893302649929
245000 0.64747182761157595632 309.07069408174197633 -464.32915307192700993 314.14638181201502221 1933.7688842355200904 2247.9152660475301673 1913.572237518339989
246000 0.64747182761157595632 304.65170544120701379 -816.17307519460598542 311.86250455712001894 1906.1205083251300039 2217.9830128822500228 1630.2926299734699569
247000 0.64747182761157595632 313.29369286863800426 433.75744360505899522 370.26721237731698011 1960.1910064510400389 2330.4582188283598043 2642.7879021630001262
248000 0.64747182761157595632 309.14337404553202759 509.45711920789801752 316.71635040699902675 1934.2236224400000992 2250.9399728469998081 2617.7776676478201807
249000 0.64747182761157595632 306.13836009728498766 -791.7396280721329731 299.11159030862398822 1915.4220906833900244 2214.5336809920199812 1644.4367501727599574
250000 0.64747182761157595632 314.85391968964199805 -475.30585403750802698 332.9652665830569731 1969.9529092667401073 2302.9181758497998089 1960.6713070818200322
251000 0.64747182761157595632 303.87322557980400006 127.87985019173000012 328.14326186299200572 1901.2497775770800672 2229.3930394400699697 2321.4737027326900716
252000 0.64747182761157595632 308.61661334044401883 -948.84604409799999303 296.23336539671697665 1930.9278280458900099 2227.1611934426100561 1543.9388329837399851
253000 0.64747182761157595632 308.30966044419898253 -253.72256571665900537 330.32442019304301084 1929.0073096303599414 2259.33172982340011 2076.6372544352398108
254000 0.64747182761157595632 305.96886457635599754 -199.98024972270098942 313.08623561102001531 1914.3616046177000953 2227.447840228719997 2083.4508460792799269
255000 0.64747182761157595632 299.07935729654099077 292.03302981982699293 274.89640549818602722 1871.2558845978699082 2146.1522900960499101 2356.4324479852398326
256000 0.64747182761157595632 315.78488305551002213 -1058.9097448754801007 289.43054706788097974 1975.7776866518199768 2265.2082337196998196 1502.7338366277399473
257000 0.64747182761157595632 315.12504249600499406 -15.537715320748999304 263.01151125762402216 1971.6492488317398966 2234.6607600893598828 2223.4727337455601628
258000 0.64747182761157595632 310.60241378275600255 162.11631452562198774 255.16627832353100302 1943.352425975019969 2198.5187042985598964 2315.2515417994800373
259000 0.64747182761157595632 313.23654783519697276 -405.47461805387098366 305.66072474402699299 1959.8334659605600336 2265.494190704579978 1973.5297277908200613
260000 0.64747182761157595632 312.41941943407198323 -217.59820764882800859 306.9274905028989906 1954.7209221096600231 2261.6484126125601506 2104.9655007890901288
261000 0.64747182761157595632 313.84544163970298314 -183.90020559546499612 351.17786794840702669 1963.6431441846800681 2314.8210121330798756 2182.4025514804397972
262000 0.64747182761157595632 312.15894503997202492 -917.9441270428419557 293.46845570712201834 1953.0912066817700179 2246.5596623888900467 1585.5884151053001005
263000 0.64747182761157595632 308.34147943359300825 191.17452045437499919 285.31082201126901055 1929.2063921470698915 2214.5172141583398115 2352.1735894332100543
264000 0.64747182761157595632 315.3128918945549799 -1176.7806237516999772 357.59549531398698718 1972.8245699760400385 2330.4200652900199202 1483.0720255285300482
265000 0.64747182761157595632 305.18595228638798744 260.59157423261399344 335.52001713670199479 1909.4631414038899493 2244.9831585405900114 2432.6237052555698028
266000 0.64747182761157595632 309.83466366465398778 -813.80266317933296705 414.15391126661899079 1938.5488282296500984 2352.7027394962701692 1766.7191861647600035
267000 0.64747182761157595632 299.88435973665900747 -1029.7984811605999766 356.84149330252398613 1876.2925597024400304 2233.1340530049701556 1491.6213982682900223
268000 0.64747182761157595632 306.10253974492400175 -867.22248964505899949 359.04312103767000508 1915.1979727578000166 2274.2410937954700785 1649.7922697699100354
269000 0.64747182761157595632 310.56322881405498038 -933.59185215732100005 346.37193707854697777 1943.107256586099993 2289.4791936646502108 1617.2407068167099169
270000 0.64747182761157595632 311.88347335178400499 -469.10798669605998157 384.41302773717302443 1951.3676573795999047 2335.7806851167802051 1997.9966283941998881
271000 0.64747182761157595632 300.88579838096501362 338.5325332971079888 352.90921996405199934 1882.5582811924200541 2235.4675011564700071 2479.2299091151198809
272000 0.64747182761157595632 313.31348330946201486 -15.728845223750399285 371.28668420155798913 1960.3148297037901102 2331.6015139053502025 2320.2758633133398689
273000 0.64747182761157595632 303.69414475208901649 -646.89661872293902434 403.18226864107799656 1900.1293189278799218 2303.3115875689600216 1837.5097458835700763
274000 0.64747182761157595632 299.63363540056502643 -512.52768313413002943 376.28821575388400333 1874.7238476603599793 2251.0120634142499512 1881.9633903976500733
275000 0.64747182761157595632 302.29500821643802055 541.69941913228296926 370.16617853395501925 1891.3753129698600333 2261.5414915038199979 2651.5954503107900564
276000 0.64747182761157595632 303.4992422408079733 264.68769622298498234 387.22301426391101131 1898.9098684300099649 2286.1328826939197825 2476.7228669413598254
277000 0.64747182761157695552 312.55883624271001509 -251.5767220907430044 365.47330697097402208 1955.593214085720092 2321.0665210566899077 2139.9171734122701309
278000 0.64747182761157595632 317.01573706156602839 137.44573149099699094 391.87672848687998339 1983.4787958916299431 2375.3555243785099265 2474.32415863524011
279000 0.64747182761157595632 309.25019093874300324 185.46068347679999988 358.5475735668969719 1934.8919458636000854 2293.4395194304897814 2426.981611665049968
280000 0.64747182761157595632 317.32517766825600347 566.52280279922604223 303.21706440971701113 1985.4148792155899628 2288.631943625310214 2696.560130700389891
