Step Density Temperature Pressure KinEng PotEng TotEng

151000 0.79981221236869304292 298.77322511148400963 -8182.7408193202400071 1989.365145784860033 3828.6302117257801001 5817.9953575106401331 -74.036898274006503584
152000 0.79981221236869404212 312.16957881769297956 -1085.6803759379999974 1988.8104481870700511 4000.2978185115598535 5989.1082666986403638 5207.3575140173898035
153000 0.79981221236869304292 307.63439956844098333 -581.45813762224895527 1856.7255846133600699 3942.1817531151400544 5798.9073377285003517 5380.2248720478401083
154000 0.79981221236869304292 310.31664838173901444 -1913.320649412270086 1963.8223699168599978 3976.5534369838201201 5940.375806900689895 4562.6776454999899215
155000 0.79981221236869404212 303.66997331164799334 901.41406795910199889 1858.3175787394700365 3891.3796033132098273 5749.6971820526796364 6398.765859835179981
156000 0.79981221236869304292 315.42919938305499272 -1979.6038507690700499 1914.6805730893299824 4042.0682340856101291 5956.7488071749403389 4531.3230238154901599
157000 0.79981221236869304292 307.83730507355397776 1057.7907690474401079 1880.884125198610036 3944.7818861983801071 5825.6660113970001476 6587.3346831436501816
158000 0.79981221236869304292 313.72411766846602177 -787.94269888039502803 1966.4882749568801046 4020.2184603533701193 5986.7067353102602283 5419.3438064305200896
159000 0.79981221236869304292 303.69514520939202384 -891.00399268296598621 1933.6639911436200236 3891.7021686573898478 5825.3661598010203306 5183.793319986069946
160000 0.79981221236869304292 309.2752321913080209 -267.9685956094160133 1833.6049609879100899 3963.2082067069900404 5796.8131676948996756 5603.8607519053102806
161000 0.79981221236869304292 317.7629538106569953 -247.57130920360398818 1929.2234338060100072 4071.9741358106798543 6001.1975696166800844 5822.9323438636802166
162000 0.79981221236869404212 309.50832761077401756 -1141.6181192039200596 1897.4483976219501074 3966.1952085203201932 5863.6436061422700732 5041.614541472899873
163000 0.79981221236869304292 303.43813624480702629 -477.01682005444598644 1830.7099532786000964 3888.4087266626302153 5719.1186799412298569 5375.6398196947302495
164000 0.79981221236869304292 313.9693599540630089 -679.97862511281198294 1824.9600882716699743 4023.3611182119598197 5848.3212064836197897 5358.6984650484901067
165000 0.79981221236869304292 310.33815485287897218 -781.54249877917504818 1860.6027423620901118 3976.8290317099599633 5837.4317740720498477 5274.6773481710297347
166000 0.79981221236869304292 301.19706579863799334 -998.82431836374598788 1967.4396927217999291 3859.6905240405299082 5827.1302167623198329 5107.9206961862801109
167000 0.79981221236869304292 314.33278929581001648 -996.0510758620530396 1933.1529383110801064 4028.0182843857901389 5961.1712226968702453 5243.9585922379501426
168000 0.79981221236869304292 311.92034976016299197 -645.92132720503695964 1941.2727480374398965 3997.1040721544600274 5938.3768201919001513 5473.2772430910999901
169000 0.79981221236869304292 305.28228112651902393 -714.84421954140498201 1927.8616229453200503 3912.0405256844001087 5839.9021486297197043 5325.1742240381800002
170000 0.79981221236869404212 311.07293180573299196 -1396.7657848455899057 2011.1949398942799689 3986.2448327394099579 5997.4397726336901542 4991.690080714420219
171000 0.79981221236869304292 315.72430943395602299 -516.06363473578994672 1863.0100251951400878 4045.8499225426098747 5908.8599477377501898 5537.2651912813998933
172000 0.79981221236869404212 308.42090536577700277 -304.71510395316698805 1896.3545878468501087 3952.2604335465998702 5848.6150213934497515 5629.2030589519999921
173000 0.79981221236869304292 307.48918556609800135 -301.84867945382501375 1760.235172396560074 3940.3209079328798907 5700.5560803294401921 5483.2081042688096204
174000 0.79981221236869304292 307.1990314676700109 -1434.920829985049977 1911.5609867275600209 3936.6027275407700472 5848.1637142683302955 4814.940250217369794
175000 0.79981221236869304292 309.93692098430898341 -1051.1714453860399772 1953.0892122822399415 3971.6874193362300502 5924.7766316184697644 5167.8742441017102465
176000 0.79981221236869304292 306.43204927290400974 -543.3863451063670027 1838.155926199580108 3926.7742323613802 5764.9301585609600806 5373.6615184544298245
177000 0.79981221236869304292 324.49728329328598875 -4.019140160400270112 1973.0658637455001099 4158.2712171615603438 6131.3370809070602263 6128.4430746091102264
178000 0.79981221236869304292 307.63763559840799644 1275.5873266904900447 1901.2979260061799778 3942.2232212289300151 5843.5211472351202247 6762.0155539240004146
179000 0.79981221236869304292 315.6485154388209935 463.72575883177302103 1922.8212921409899536 4044.8786602096702154 5967.6999523506701735 6301.6085031902402989
180000 0.79981221236869304292 309.76715139328297255 -1764.2255168719500489 1870.5633560153100916 3969.511906503730188 5840.0752625190398248 4569.733957397350423
181000 0.79981221236869304292 307.67712024394802484 -1727.9719472725801097 1839.2794369004900545 3942.729197314170051 5782.0086342146596508 4537.7719322062002902
182000 0.79981221236869304292 316.40982372565702008 -1279.8520632501699765 1959.6024231586100086 4054.6344470822400581 6014.2368702408502941 5092.6716140741500567
183000 0.79981221236869304292 309.0394439722940092 -874.16096552222097671 1967.989468798559983 3960.1866980073700688 5928.1761668059298245 5298.7312510579304217
184000 0.79981221236869304292 309.32653507481398947 260.27695536212098659 1861.9952288498200232 3963.8656276310598514 5825.860856480880102 6013.2748599661399567
185000 0.79981221236869304292 311.86699348900498308 -118.65133977943500554 1938.906485077159914 3996.4203380893800386 5935.3268231665397252 5849.8912048805696031
186000 0.79981221236869304292 303.05350211397200155 -268.49943587386201216 1908.1745424700000058 3883.4798316680198695 5791.6543741380201027 5598.3197235899397128
187000 0.79981221236869304292 307.96616228026698536 -321.11188073638697915 1873.5947262870199665 3946.4331271836999804 5820.0278534707204017 5588.8092922586602072
188000 0.79981221236869304292 313.53833232259700026 -1422.0601170180300414 1866.0797133718399436 4017.837713591929969 5883.9174269637696852 4859.9543974429197988
189000 0.79981221236869304292 314.27182688411102163 -2468.397485494169814 1851.3066095049900923 4027.2370814144701399 5878.5436909194595501 4101.1590803388799031
190000 0.79981221236869304292 307.93512717036099957 -998.75429521322405435 1850.5700668907900308 3946.0354276931698223 5796.6054945839496213 5077.4463946030000443
191000 0.79981221236869304292 311.35851238370401006 -1037.071348000190028 1883.2429116115099532 3989.9044057426299332 5873.1473173541498909 5126.3977906503596387
192000 0.79981221236869304292 308.47459758723300638 -25.080572572054400382 1879.2631495113200799 3952.9484726475798197 5832.2116221589003544 5814.1522034566496586
193000 0.79981221236869304292 308.34902513206100139 -67.422113343805506247 1827.1245345526399433 3951.3393241187800413 5778.4638586714199846 5729.9161562149301972
194000 0.79981221236869304292 306.75545011117401373 -1736.9688088024299759 1930.9203286503500294 3930.9184531811602028 5861.8387818315095501 4611.1238350020103098
195000 0.79981221236869304292 305.61181710053898541 -1902.3439291232400592 1928.4677035986098872 3916.2633652159997837 5844.7310688146098983 4474.9367615666596976
196000 0.79981221236869304292 301.01617931541301232 -240.07628915341601328 1850.5594601693398999 3857.3725537662198803 5707.9320139355595529 5535.0636229190504309
197000 0.79981221236869304292 308.80353759720901508 -637.14447592576095758 1899.9645969039099782 3957.1636751965102121 5857.1282721004099585 5398.3485201026696814
198000 0.79981221236869304292 311.86263164457398034 -461.09542793271901928 1940.8543189923200316 3996.3644432234300439 5937.2187622157498481 5605.204197125310202
199000 0.79981221236869304292 313.2955694611990225 -1074.6660295781200603 1948.2212201335100872 4014.7268283207199602 5962.9480484542300474 5189.1282428067297587
200000 0.79981221236869304292 305.18585765994600933 -1072.7349234192499807 1891.9334826918800445 3910.8049069401099587 5802.7383896319897758 5030.3090887100597683
201000 0.79981221236869304292 312.6067930218250126 -2050.3948124993698912 1850.3818136049299028 4005.9005009818802137 5856.2823145868096617 4379.8830690167496869
202000 0.79981221236869304292 317.48903104967001809 -1761.3343603814200833 1830.4370842679900306 4068.4639519312399898 5898.9010361992295657 4630.6415258789202198
203000 0.79981221236869304292 309.46707361466701514 -506.15193309865998117 1835.247938861090006 3965.6665590879902084 5800.9144979490802143 5436.4567224927595817
204000 0.79981221236869304292 313.85663008569201793 16.743109600043901253 1953.5955631976698896 4021.9165410425998743 5975.512104240269764 5987.5680820604002292
205000 0.79981221236869304292 305.08760879499402563 -1534.592002139700071 1947.2591280976701 3909.5458966238998073 5856.80502472156968 4751.8127274307298649
206000 0.79981221236869304292 306.20339826366699754 -621.09943058381304581 1895.8654056076400138 3923.8441834536201895 5819.709589061259976 5372.4831694722697648
207000 0.79981221236869404212 306.44717044274199225 -1363.1059780823600249 1876.3816955349900581 3926.9680026286400789 5803.3496981636299097 4821.8369546643998547
208000 0.79981221236869304292 313.22674371715299912 31.44021106656479958 1768.0199130849600806 4013.8448606581100648 5781.8647737430701454 5804.5034887926203737
209000 0.79981221236869304292 311.85899083450601665 -706.3538527066499455 2017.554334793830094 3996.3177880540602018 6013.8721228478898411 5505.2577384940796037
210000 0.79981221236869304292 307.40088636987502468 -1060.290235161299961 1900.8239166440700956 3939.1893976705200657 5840.0133143145903887 5076.5448868026896889
211000 0.79981221236869304292 310.36317641301900494 1462.205480851350103 1907.7276964202699219 3977.1496705525601101 5884.8773669728198001 6937.7473096965995865
212000 0.79981221236869304292 317.89602477901001976 40.657759438120201878 1923.1539733277700179 4073.6793740546700064 5996.8333473824495741 6026.1092141545796039
213000 0.79981221236869304292 312.56067999299398252 -1101.6910789723399375 1949.3852340824998919 4005.3095854630300892 5954.6948195455297537 5161.4154628428395881
214000 0.79981221236869304292 303.76225311085801195 -712.01411564700799772 1940.6907483332399806 3892.5621230221199767 5833.2528713553501802 5320.5627802723201967
215000 0.79981221236869304292 313.50372202867197302 -399.64858158867002658 1967.4581802161699216 4017.394199897189992 5984.8523801133596862 5697.0829901628403604
216000 0.79981221236869304292 308.05934807726902136 -384.22882710734802458 1890.5100512096300918 3947.6272568034901269 5838.1373080131197639 5561.4710059870903933
217000 0.79981221236869304292 307.4664674259460071 -945.31264695686604682 1961.2516540439899018 3940.0297862712700407 5901.2814403152597151 5220.6033239413200135
218000 0.79981221236869304292 312.38124432200902447 146.79378787426000486 1856.8364073340399045 4003.0102066256499711 5859.8466139596903304 5965.5463730259698423
219000 0.79981221236869304292 310.39479893173302116 -758.39260157677301777 1858.8542488013899856 3977.5548973946702063 5836.4091461960497327 5290.3239444641003502
220000 0.79981221236869304292 313.17032105878001857 -2779.6560807180098891 1814.7286464194301061 4013.1218323666998913 5827.8504787861302248 3826.3422251079900889
221000 0.79981221236869304292 308.37186668406798162 -123.80868756303499367 1893.9573048284501056 3951.6320272419097819 5845.589332070349883 5756.4401341701395722
222000 0.79981221236869304292 302.36964466752402814 -567.09315799266596514 1804.7803260851098912 3874.716538775870049 5679.4968648609701631 5271.1579900626502422
223000 0.79981221236869304292 310.13106259339599546 566.34288938444399264 1952.2572344583800259 3974.1752474527697814 5926.4324819111598117 6334.2311212385402541
224000 0.79981221236869304292 312.04914025307397196 -2020.1270228549599324 1842.0068608168398896 3998.7544582355899365 5840.7613190524298261 4386.1565793617501186
225000 0.79981221236869304292 312.83776064630097835 -1161.61171232754009 1987.4949174123300963 4008.860236161190187 5996.3551535735196012 5159.9295806687596269
226000 0.79981221236869304292 315.97425988609501246 -604.69649149158703949 1816.4420833545200367 4049.0529132126598597 5865.4949965671903556 5430.079612956859819
227000 0.79981221236869304292 306.91277285669599451 -1493.4232441373198981 1810.4489255370799583 3932.9344658820000404 5743.3833914190799987 4668.0349085220495908
228000 0.79981221236869304292 309.06884008468000502 -963.96671188704999622 1860.2216608857900155 3960.5633945602398853 5820.7850554460301282 5126.6749662530801288
229000 0.79981221236869304292 312.3456354552890275 -1484.9764668292000351 1897.3929649198100833 4002.553896717439784 5899.9468616372496399 4830.6805320743897028
230000 0.79981221236869304292 305.11332089248202237 -1077.4682012617399778 1864.0042455533400698 3909.875384358989777 5773.879629912319615 4998.0421035144399866
231000 0.79981221236869304292 308.56375177279102218 -1140.0577730681800404 1870.5964618665500439 3954.0909391728200717 5824.6874010393703429 5003.7818730876997506
232000 0.79981221236869304292 310.41286934055500524 -345.21364500375898388 1838.1023847114599903 3977.7864606919702055 5815.8888454034304232 5567.3156623573995603
233000 0.79981221236869304292 309.92900490197501995 -1650.9365507296599844 1852.8303613364801095 3971.5859786801202063 5824.416340016599861 4635.6494434547903438
234000 0.79981221236869304292 309.92666252261898308 -561.8787324847750142 1833.7179029644000821 3971.5559622542200486 5805.2738652186199033 5400.6896691967904189
235000 0.79981221236869304292 306.94677020790697952 -317.68540162206397781 1788.9033839264800463 3933.3701250208500824 5722.2735089473399057 5493.5222048452196759
236000 0.79981221236869304292 311.58209027979097527 -77.67912705368469517 1935.6764040024600035 3992.7694452297300813 5928.4458492321900849 5872.5125217191298361
237000 0.79981221236869304292 305.22765677773202242 -1402.6399242800000593 1889.2516919904498991 3911.3405418354900576 5800.5922338259397293 4790.6128321081196191
238000 0.79981221236869304292 311.43186484093399713 -1567.7851779685800011 1915.0472795032098929 3990.8443809822101684 5905.8916604854302932 4776.9984152146698761
239000 0.79981221236869304292 309.8854487994919964 -1339.9547546191699894 1830.0712808564899206 3971.0278289000998484 5801.0991097566002281 4836.2565454085797683
240000 0.79981221236869304292 308.81373036184601233 -1066.7761028470799829 1846.4504366960300104 3957.2942904034598541 5803.7447270994998689 5035.606111143990347
241000 0.79981221236869304292 314.31207745348200433 1226.4348340048600221 1913.1212021203800759 4027.7528724324702125 5940.8740745528502885 6823.9759301698395575
242000 0.79981221236869304292 306.86452906932800033 50.958575315728801058 1789.7427331731601043 3932.3162457527600964 5722.0589789259202007 5758.7520107717000428
243000 0.79981221236869404212 303.87115838208700325 505.89408496285898309 1889.8610897703499631 3893.9576898821901523 5783.818779652539888 6148.0908899916603332
244000 0.79981221236869304292 309.54837735589501335 -3.0744853854373399571 1927.4520764073699866 3966.7084260754800198 5894.1605024828495516 5891.9467005965498174
245000 0.79981221236869304292 312.72059534571297945 503.24670193248999794 1906.3618174205000741 4007.3588211350402162 5913.720638555540063 6276.0864846547401612
246000 0.79981221236869304292 302.57509801173500819 -1140.079912603539924 1922.4827506009301032 3877.3493211493600938 5799.8320717503002015 4978.9106020916497073
247000 0.79981221236869304292 316.29450298419499177 -691.54012184751195491 1946.0026703299099609 4053.1566691634398012 5999.1593394933397576 5501.2116720718995566
248000 0.79981221236869304292 308.01490182932599282 -1980.5742572839099012 1859.1696644790799837 3947.0577002523400552 5806.2273647314195841 4380.1028342635199806
249000 0.79981221236869304292 312.60813962299698687 -585.90626574618897848 1919.2097392785499324 4005.9177570058400306 5925.127496284389963 5503.2421289155599879
250000 0.79981221236869304292 312.55054236967998804 -885.92172219639303421 1905.3609546433299329 4005.1796768646900091 5910.540631508019942 5272.6273114433297451
251000 0.79981221236869304292 313.68180500185400206 -210.25292806130099166 1916.0058850477701071 4019.6762445853200916 5935.6821296330899713 5784.2882310159702683
252000 0.79981221236869304292 310.65901315880199718 -866.20022994625298907 1841.5197985393999716 3980.9406712428699393 5822.4604697822696835 5198.7477300653899874
253000 0.79981221236869304292 312.11640724803601188 -1477.9420049197499338 1898.8597119545900114 3999.6164513043199804 5898.4761632589097644 4834.2750407443600125
254000 0.79981221236869304292 304.31808062489699296 -2790.2705972841099538 1937.8269578699901103 3899.6847760375098915 5837.5117339074995471 3828.3604330685197965
255000 0.79981221236869304292 310.05401197689099035 29.757978958428100924 1866.179283489359932 3973.1878821422701549 5839.3671656316300869 5860.7945792283098854
256000 0.79981221236869304292 312.13487858843802769 -1153.1987179524699059 1890.1311431615999936 3999.8531523403098618 5889.9842955019203146 5059.6165503250704205
257000 0.79981221236869304292 311.07940607098697683 236.63027255919800496 1848.7075899949700215 3986.3277972270798273 5835.0353872220503035 6005.4224530474803032
258000 0.79981221236869404212 305.09378649687300822 -821.90979957377601295 1808.498353759380052 3909.6250607994797974 5718.123414558859622 5126.3022683971703373
259000 0.79981221236869304292 310.30628842332697559 306.11891337686398629 1817.7429243512199264 3976.420679271840072 5794.1636036230602258 6014.5863875713903326
260000 0.79981221236869304292 306.96869104333899259 -1380.5381486415599284 1845.4876050779998877 3933.6510296192300302 5779.1386346972203683 4785.0737508465999781
261000 0.79981221236869304292 309.47396738808998862 -1374.1086507293100567 1918.1636587645300551 3965.754899364099856 5883.9185581286301385 4894.4832733235998603
262000 0.79981221236869304292 305.71181239402102392 -1125.8510229391999928 1826.1425550547398871 3917.5447551448100967 5743.6873101995497564 4933.0114390167000238
263000 0.79981221236869304292 305.14698360056098636 -630.14685109603101409 1953.6657139266599188 3910.3067552126199189 5863.9724691392802924 5410.2313994267296948
264000 0.79981221236869304292 310.78554657680700757 -750.47745365168896114 1855.786606654120078 3982.5621340321899879 5838.3487406863096112 5297.9628893204098858
265000 0.79981221236869304292 314.36526601387600977 -604.9329766758879714 1931.1320821202400566 4028.434457367559844 5959.5665394877996732 5523.9808732833198519
266000 0.79981221236869404212 316.8657944128610211 -1692.2545907301700936 1807.3463518979799574 4060.4774845499900948 5867.8238364479702796 4649.3056340823595747
267000 0.79981221236869304292 306.82148775203700097 -1045.6543296460299644 1909.7315923558001032 3931.7646926888101007 5841.4962850446199809 5088.5665302455299752
268000 0.79981221236869304292 308.17413086804299382 -1148.2372748428799696 1887.4356542291200185 3949.098141151910113 5836.5337953810203544 5009.7385674673396352
269000 0.79981221236869404212 305.04895501465199459 -978.82353299592205076 1779.8909918775400456 3909.0505676627399225 5688.9415595402697363 4984.1337260187701759
270000 0.79981221236869304292 307.06466437563102545 1075.712053396599913 1899.0343693231200177 3934.8808801166901503 5833.915249439800391 6608.4882508947903261
271000 0.79981221236869304292 304.91829020314099807 229.11626715024098644 1924.3773172662699835 3907.3761631213901637 5831.7534803876596925 5996.7300409536301231
272000 0.79981221236869304292 311.58582605860601689 -631.00169955383000797 1928.8652271860401015 3992.8173173763398154 5921.6825445623799169 5467.3259360226302306
273000 0.79981221236869404212 304.62700921019302314 -1093.3984687849299462 1837.6216828388999147 3903.6435421367400522 5741.2652249756401943 4953.9570126349399288
274000 0.79981221236869304292 309.2910601845019869 -452.86859300585098254 1919.1942483855000319 3963.4110345638300714 5882.6052829493301033 5556.514500344789667
275000 0.79981221236869304292 308.54882607750602119 -770.10213350553999589 1833.0080751526900258 3953.8996738146997814 5786.9077489673900345 5232.3910276079895993
276000 0.79981221236869304292 313.52117483285098842 -249.48203093813100395 1863.2104821670000092 4017.6178488983200623 5880.8283310653096123 5701.1872785153600489
277000 0.79981221236869404212 306.50337686502001588 -1134.8027939441599301 1921.9198415042899342 3927.6882599620898873 5849.6081014663895985 5032.4864531689700016
278000 0.79981221236869404212 311.93194338028001766 120.70798418356800141 1887.025715624600025 3997.2526386273298158 5884.2783542519300681 5971.1948718399098652
279000 0.79981221236869304292 300.9507739665160102 -891.53073964334305401 1926.52581821269996 3856.5344167654798184 5783.0602349781802332 5141.1081078132301627
280000 0.79981221236869304292 316.29667973596099273 -3.6480346886970300702 1969.7633879670499937 4053.1845631541700641 6022.9479511212202851 6020.3211615734799125
