Step Density Temperature Pressure KinEng PotEng TotEng

251000 0.79981221236869304292 313.68180500185400206 -210.25292806130099166 1916.0058850477701071 4019.6762445853200916 5935.6821296330899713 5784.2882310159702683
252000 0.79981221236869304292 310.65901315880199718 -866.20022994625298907 1841.5197985393999716 3980.9406712428699393 5822.4604697822696835 5198.7477300653899874
253000 0.79981221236869304292 312.11640724803601188 -1477.9420049197499338 1898.8597119545900114 3999.6164513043199804 5898.4761632589097644 4834.2750407443600125
254000 0.79981221236869304292 304.31808062489699296 -2790.2705972841099538 1937.8269578699901103 3899.6847760375098915 5837.5117339074995471 3828.3604330685197965
255000 0.79981221236869304292 310.05401197689099035 29.757978958428100924 1866.179283489359932 3973.1878821422701549 5839.3671656316300869 5860.7945792283098854
256000 0.79981221236869304292 312.13487858843802769 -1153.1987179524699059 1890.1311431615999936 3999.8531523403098618 5889.9842955019203146 5059.6165503250704205
257000 0.79981221236869304292 311.07940607098697683 236.63027255919800496 1848.7075899949700215 3986.3277972270798273 5835.0353872220503035 6005.4224530474803032
258000 0.79981221236869404212 305.09378649687300822 -821.90979957377601295 1808.498353759380052 3909.6250607994797974 5718.123414558859622 5126.3022683971703373
259000 0.79981221236869304292 310.30628842332697559 306.11891337686398629 1817.7429243512199264 3976.420679271840072 5794.1636036230602258 6014.5863875713903326
260000 0.79981221236869304292 306.96869104333899259 -1380.5381486415599284 1845.4876050779998877 3933.6510296192300302 5779.1386346972203683 4785.0737508465999781
261000 0.79981221236869304292 309.47396738808998862 -1374.1086507293100567 1918.1636587645300551 3965.754899364099856 5883.9185581286301385 4894.4832733235998603
262000 0.79981221236869304292 305.71181239402102392 -1125.8510229391999928 1826.1425550547398871 3917.5447551448100967 5743.6873101995497564 4933.0114390167000238
263000 0.79981221236869304292 305.14698360056098636 -630.14685109603101409 1953.6657139266599188 3910.3067552126199189 5863.9724691392802924 5410.2313994267296948
264000 0.79981221236869304292 310.78554657680700757 -750.47745365168896114 1855.786606654120078 3982.5621340321899879 5838.3487406863096112 5297.9628893204098858
265000 0.79981221236869304292 314.36526601387600977 -604.9329766758879714 1931.1320821202400566 4028.434457367559844 5959.5665394877996732 5523.9808732833198519
266000 0.79981221236869404212 316.8657944128610211 -1692.2545907301700936 1807.3463518979799574 4060.4774845499900948 5867.8238364479702796 4649.3056340823595747
267000 0.79981221236869304292 306.82148775203700097 -1045.6543296460299644 1909.7315923558001032 3931.7646926888101007 5841.4962850446199809 5088.5665302455299752
268000 0.79981221236869304292 308.17413086804299382 -1148.2372748428799696 1887.4356542291200185 3949.098141151910113 5836.5337953810203544 5009.7385674673396352
269000 0.79981221236869404212 305.04895501465199459 -978.82353299592205076 1779.8909918775400456 3909.0505676627399225 5688.9415595402697363 4984.1337260187701759
270000 0.79981221236869304292 307.06466437563102545 1075.712053396599913 1899.0343693231200177 3934.8808801166901503 5833.915249439800391 6608.4882508947903261
271000 0.79981221236869304292 304.91829020314099807 229.11626715024098644 1924.3773172662699835 3907.3761631213901637 5831.7534803876596925 5996.7300409536301231
272000 0.79981221236869304292 311.58582605860601689 -631.00169955383000797 1928.8652271860401015 3992.8173173763398154 5921.6825445623799169 5467.3259360226302306
273000 0.79981221236869404212 304.62700921019302314 -1093.3984687849299462 1837.6216828388999147 3903.6435421367400522 5741.2652249756401943 4953.9570126349399288
274000 0.79981221236869304292 309.2910601845019869 -452.86859300585098254 1919.1942483855000319 3963.4110345638300714 5882.6052829493301033 5556.514500344789667
275000 0.79981221236869304292 308.54882607750602119 -770.10213350553999589 1833.0080751526900258 3953.8996738146997814 5786.9077489673900345 5232.3910276079895993
276000 0.79981221236869304292 313.52117483285098842 -249.48203093813100395 1863.2104821670000092 4017.6178488983200623 5880.8283310653096123 5701.1872785153600489
277000 0.79981221236869404212 306.50337686502001588 -1134.8027939441599301 1921.9198415042899342 3927.6882599620898873 5849.6081014663895985 5032.4864531689700016
278000 0.79981221236869404212 311.93194338028001766 120.70798418356800141 1887.025715624600025 3997.2526386273298158 5884.2783542519300681 5971.1948718399098652
279000 0.79981221236869304292 300.9507739665160102 -891.53073964334305401 1926.52581821269996 3856.5344167654798184 5783.0602349781802332 5141.1081078132301627
280000 0.79981221236869304292 316.29667973596099273 -3.6480346886970300702 1969.7633879670499937 4053.1845631541700641 6022.9479511212202851 6020.3211615734799125
