Step Density Temperature Pressure KinEng PotEng TotEng

251000 0.64747182761157595632 303.87322557980400006 127.87985019173000012 328.14326186299200572 1901.2497775770800672 2229.3930394400699697 2321.4737027326900716
252000 0.64747182761157595632 308.61661334044401883 -948.84604409799999303 296.23336539671697665 1930.9278280458900099 2227.1611934426100561 1543.9388329837399851
253000 0.64747182761157595632 308.30966044419898253 -253.72256571665900537 330.32442019304301084 1929.0073096303599414 2259.33172982340011 2076.6372544352398108
254000 0.64747182761157595632 305.96886457635599754 -199.98024972270098942 313.08623561102001531 1914.3616046177000953 2227.447840228719997 2083.4508460792799269
255000 0.64747182761157595632 299.07935729654099077 292.03302981982699293 274.89640549818602722 1871.2558845978699082 2146.1522900960499101 2356.4324479852398326
256000 0.64747182761157595632 315.78488305551002213 -1058.9097448754801007 289.43054706788097974 1975.7776866518199768 2265.2082337196998196 1502.7338366277399473
257000 0.64747182761157595632 315.12504249600499406 -15.537715320748999304 263.01151125762402216 1971.6492488317398966 2234.6607600893598828 2223.4727337455601628
258000 0.64747182761157595632 310.60241378275600255 162.11631452562198774 255.16627832353100302 1943.352425975019969 2198.5187042985598964 2315.2515417994800373
259000 0.64747182761157595632 313.23654783519697276 -405.47461805387098366 305.66072474402699299 1959.8334659605600336 2265.494190704579978 1973.5297277908200613
260000 0.64747182761157595632 312.41941943407198323 -217.59820764882800859 306.9274905028989906 1954.7209221096600231 2261.6484126125601506 2104.9655007890901288
261000 0.64747182761157595632 313.84544163970298314 -183.90020559546499612 351.17786794840702669 1963.6431441846800681 2314.8210121330798756 2182.4025514804397972
262000 0.64747182761157595632 312.15894503997202492 -917.9441270428419557 293.46845570712201834 1953.0912066817700179 2246.5596623888900467 1585.5884151053001005
263000 0.64747182761157595632 308.34147943359300825 191.17452045437499919 285.31082201126901055 1929.2063921470698915 2214.5172141583398115 2352.1735894332100543
264000 0.64747182761157595632 315.3128918945549799 -1176.7806237516999772 357.59549531398698718 1972.8245699760400385 2330.4200652900199202 1483.0720255285300482
265000 0.64747182761157595632 305.18595228638798744 260.59157423261399344 335.52001713670199479 1909.4631414038899493 2244.9831585405900114 2432.6237052555698028
266000 0.64747182761157595632 309.83466366465398778 -813.80266317933296705 414.15391126661899079 1938.5488282296500984 2352.7027394962701692 1766.7191861647600035
267000 0.64747182761157595632 299.88435973665900747 -1029.7984811605999766 356.84149330252398613 1876.2925597024400304 2233.1340530049701556 1491.6213982682900223
268000 0.64747182761157595632 306.10253974492400175 -867.22248964505899949 359.04312103767000508 1915.1979727578000166 2274.2410937954700785 1649.7922697699100354
269000 0.64747182761157595632 310.56322881405498038 -933.59185215732100005 346.37193707854697777 1943.107256586099993 2289.4791936646502108 1617.2407068167099169
270000 0.64747182761157595632 311.88347335178400499 -469.10798669605998157 384.41302773717302443 1951.3676573795999047 2335.7806851167802051 1997.9966283941998881
271000 0.64747182761157595632 300.88579838096501362 338.5325332971079888 352.90921996405199934 1882.5582811924200541 2235.4675011564700071 2479.2299091151198809
272000 0.64747182761157595632 313.31348330946201486 -15.728845223750399285 371.28668420155798913 1960.3148297037901102 2331.6015139053502025 2320.2758633133398689
273000 0.64747182761157595632 303.69414475208901649 -646.89661872293902434 403.18226864107799656 1900.1293189278799218 2303.3115875689600216 1837.5097458835700763
274000 0.64747182761157595632 299.63363540056502643 -512.52768313413002943 376.28821575388400333 1874.7238476603599793 2251.0120634142499512 1881.9633903976500733
275000 0.64747182761157595632 302.29500821643802055 541.69941913228296926 370.16617853395501925 1891.3753129698600333 2261.5414915038199979 2651.5954503107900564
276000 0.64747182761157595632 303.4992422408079733 264.68769622298498234 387.22301426391101131 1898.9098684300099649 2286.1328826939197825 2476.7228669413598254
277000 0.64747182761157695552 312.55883624271001509 -251.5767220907430044 365.47330697097402208 1955.593214085720092 2321.0665210566899077 2139.9171734122701309
278000 0.64747182761157595632 317.01573706156602839 137.44573149099699094 391.87672848687998339 1983.4787958916299431 2375.3555243785099265 2474.32415863524011
279000 0.64747182761157595632 309.25019093874300324 185.46068347679999988 358.5475735668969719 1934.8919458636000854 2293.4395194304897814 2426.981611665049968
280000 0.64747182761157595632 317.32517766825600347 566.52280279922604223 303.21706440971701113 1985.4148792155899628 2288.631943625310214 2696.560130700389891
