Step Density Temperature Pressure KinEng PotEng TotEng

251000 0.52542217113810696372 295.60063629772099603 -1210.1150181990399233 2085.0188173471001392 2113.8293045628802247 4198.8481219099803639 3327.4974488441198446
252000 0.52542217113810696372 311.26061419324901181 -1995.2062340577599571 2110.3254304718898311 2225.8132319284300138 4336.1386624003198449 2899.4782881337600884
253000 0.52542217113810696372 302.80093943705600168 -561.94387361691303795 2133.6940371092700843 2165.3184081327799504 4299.0124452420595844 3894.3813439521500186
254000 0.52542217113810696372 304.74166678144797515 -638.81028065355803847 2040.5718301703300313 2179.1964781671499622 4219.7683083374804482 3759.7890835219200198
255000 0.52542217113810696372 308.49590921030699064 -509.67514581572402221 2112.1181847467801163 2206.0429280325702166 4318.1611127793503329 3951.1664265945501029
256000 0.52542217113810696372 300.47950664159100143 -253.7952340768609929 2118.3236849939098647 2148.717927385890107 4267.0416123798104309 4084.2948116972597745
257000 0.52542217113810696372 307.92895340283899941 -130.48117851630499331 2091.7061555290201795 2201.9886478550101856 4293.6948033840299104 4199.7410378222903091
258000 0.52542217113810696372 303.00731003003198794 -67.506582778642396647 2090.8268282088702108 2166.7941566713998327 4257.6209848802800479 4209.0124596939003823
259000 0.52542217113810696372 301.79371596736899619 331.68292548910898176 2034.6761793147900335 2158.1157900561302085 4192.7919693709100102 4431.622275600409921
260000 0.52542217113810696372 304.09938216568099278 -504.40759557813299807 2107.7012611433201528 2174.6035244452500592 4282.3047855885697572 3919.1030309647399008
261000 0.52542217113810696372 307.00001959901800319 -954.10447401572002946 2053.4300014716300211 2195.3458763065100356 4248.7758777781400568 3561.7671529000499504
262000 0.52542217113810696372 301.37812640034201195 224.76355065454200144 2139.5723264381899753 2155.143924310320017 4294.7162507484999878 4456.5586113490498974
263000 0.52542217113810696372 302.46350185056502369 -5.3540030325178298298 2178.0182235924298766 2162.9054043323799306 4340.9236279248098072 4337.0684455034597704
264000 0.52542217113810696372 300.86252766226101585 -218.76034387271201354 2095.1870395139098946 2151.4568966516499131 4246.643936165550258 4089.1242210914501811
265000 0.52542217113810696372 306.88866417198801173 551.88801390620494658 2153.6561657993102017 2194.5495777334499508 4348.2057435327596977 4745.5960619256702557
266000 0.52542217113810696372 305.76611340891702184 482.44887425854898311 2116.7371563316901302 2186.5222584131702206 4303.259414744859896 4650.6496586331495564
267000 0.52542217113810696372 294.59792861623498084 281.02679458687401848 2105.1077231068697984 2106.6589787219700156 4211.7667018288402687 4414.1217531505199076
268000 0.52542217113810696372 314.43023979333202078 3.9442655000415500766 2074.8213940353298312 2248.4791083008899477 4323.3005023362202337 4326.1405946799495723
269000 0.52542217113810696372 304.33820445617499217 17.177903111725999707 2089.1335160797998469 2176.3113338821699472 4265.4448499619602444 4277.8139034925397937
270000 0.52542217113810696372 297.56470041139698424 18.521359932860800512 2088.6731550552099179 2127.8742549781700291 4216.5474100333703973 4229.8838278125804209
271000 0.52542217113810696372 300.86329328253901849 641.65356700627603459 2121.5580896410701826 2151.4623715741599881 4273.0204612152401751 4735.0470116485303151
272000 0.52542217113810696372 309.97100501646502835 83.542697277552193214 2018.3495533931500177 2216.591284021069896 4234.9408374142203684 4295.0962643015500362
273000 0.52542217113810696372 306.7263104743649933 -1437.3709780781700829 2093.5459955884798546 2193.3885923985199042 4286.9345879869997589 3251.9468799113501518
274000 0.52542217113810696372 300.38134911109301584 -1816.0068216650699924 2042.3220790921000116 2148.0160064867100118 4190.338085578800019 2882.7113372511698799
275000 0.52542217113810696372 304.88687462556498531 -790.12965242230905005 2062.7184094777198879 2180.2348541327401108 4242.9532636104504491 3674.0156055421298333
276000 0.52542217113810696372 310.21450778006300197 -1383.6485813103799956 2065.5693065277400819 2218.3325633494300746 4283.9018698771697018 3287.5973000803801369
277000 0.52542217113810696372 295.23067379212801598 -1954.5457312015898879 2101.8986537487799069 2111.1837162593201356 4213.0823700081000425 2805.6998379285100782
278000 0.52542217113810696372 304.90377714272102594 -1247.5358314841500942 2096.8331696850900698 2180.3557234127702031 4277.1888930978502685 3378.8931360091701208
279000 0.52542217113810696372 310.10303766562401506 -834.07917158837199167 2130.7357794180102246 2217.5354446509199988 4348.2712240689397731 3747.687447631410123
280000 0.52542217113810696372 299.47191639167897392 8.9606786641866591481 2069.3261277701899417 2141.5126864773101261 4210.8388142475096174 4217.2910053762398093
