Step Density Temperature Pressure KinEng PotEng TotEng

151000 0.72104212996917504963 306.46999335952000365 2557.9952784007000446 3133.910638070729874 4109.9662341964703955 7243.8768722672002696 9085.7769181412895705
152000 0.72104212996917504963 307.07823337155599575 -1657.2665244132899716 3336.4894013202701899 4118.1231368816297618 7454.6125382019099561 6261.2877056201496089
153000 0.72104212996917504963 303.94622655427701829 -1024.0630607078599041 3291.187076927959879 4076.1208445097699951 7367.3079214377203243 6629.9250910538203243
154000 0.72104212996917504963 297.11746788302997402 -1164.5577084617600576 3342.044506674600143 3984.5426535990000048 7326.587160273599693 6488.0403049487504177
155000 0.72104212996917504963 303.50681474398101045 -1048.7085877934300697 3359.7167029544198158 4070.2280401819298277 7429.944743136339639 6674.8157511966301172
156000 0.72104212996917504963 299.21293244002498568 56.497592224168201369 3201.2061292466701161 4012.6442255662800562 7213.8503548129501723 7254.5317894458303272
157000 0.72104212996917504963 303.85976637828900948 -840.93384728990997701 3336.2294961547099774 4074.9613561043402115 7411.1908522590501889 6805.6713249248296052
158000 0.72104212996917504963 298.75943135878901558 -12.646045162213800594 3291.492607868829964 4006.5624747540000499 7298.0550826228300139 7288.9492209501795514
159000 0.72104212996917504963 297.72632411483101578 -2113.2824554982498739 3237.9080455766497835 3992.7078202006300671 7230.6158657772803053 5708.9339906798595621
160000 0.72104212996917504963 309.12482841016799284 -730.41707864527097627 3278.3841483138999138 4145.5693361377698238 7423.9534844516701924 6898.0122280217201478
161000 0.72104212996917504963 300.12331897393897862 -782.46531820246195821 3343.3395104998198804 4024.8531138604898842 7368.1926243603102193 6804.7737167253199004
162000 0.72104212996917504963 300.60571836123102685 -710.99615497276602127 3276.6338254131801477 4031.3224101574401175 7307.9562355706202652 6795.9991332575100387
163000 0.72104212996917504963 305.02703313614802028 -866.6332909330859593 3216.9993603324301148 4090.6151788767101607 7307.6145392091402755 6683.5899712968503081
164000 0.72104212996917504963 306.51469043630999067 -1577.8515314049900553 3324.3905647675501314 4110.5656516936396656 7434.956216461189797 6298.8146322224602045
165000 0.72104212996917504963 299.32040411399697177 -1340.3374552104598934 3272.2262006196201582 4014.0854921200398167 7286.3116927396604297 6321.1935625051000898
166000 0.72104212996917504963 300.85845728369901053 -565.62475684381604424 3300.9928714688098808 4034.711807031259923 7335.7046785000802629 6928.4231348728699231
167000 0.72104212996917504963 304.60278564750598207 -325.07899307564002811 3240.6909544733198345 4084.9257381776501461 7325.6166926509604309 7091.5415880897598981
168000 0.72104212996917504963 296.33162003788999073 777.37268507623696223 3293.7019432766801401 3974.0039118666200011 7267.7058551433001412 7827.4577813463802158
169000 0.72104212996917504963 306.93303909528401618 -133.09184370241999318 3261.0835006245501972 4116.1759851675797108 7377.2594857921203584 7281.425894897370199
170000 0.72104212996917504963 301.45259917663798888 -128.65599025994700355 3286.2693344652598171 4042.6796445723198303 7328.9489790375801022 7236.3094513720197938
171000 0.72104212996917504963 299.99813832908000677 -560.4665652518430079 3151.8724910161799926 4023.174358241039954 7175.0468492572199466 6771.4794928336095836
172000 0.72104212996917504963 307.22910937302600587 -1202.1520076493200122 3225.652538827870103 4120.1464843056201062 7345.7990231334897544 6480.1821642074301053
173000 0.72104212996917504963 304.60565828915798647 -2020.9811645001900615 3232.419184707920067 4084.9642622108399337 7317.383446918759546 5862.1636773455702496
174000 0.72104212996917504963 306.275042125382015 -896.8632267086139791 3325.2559329579298719 4107.3518086181802573 7432.6077415761101292 6786.8159246927798449
175000 0.72104212996917504963 305.85758247324798731 -827.57596888433295135 3198.817411125110084 4101.7533973166300711 7300.5708084417401551 6704.6697026330602966
176000 0.72104212996917504963 304.40303687118699827 -610.4624947081430264 3303.6355138281001018 4082.2469743711299088 7385.8824881992295559 6946.315258931180324
177000 0.72104212996917504963 302.4585236914489883 1604.9721522081499643 3263.8117549755497748 4056.1697606672200891 7319.9815156427703187 8475.651467710509678
178000 0.72104212996917504963 298.44865352283500215 -107.65846976085400399 3284.0138143972199032 4002.3947374884201054 7286.4085518856400085 7208.8884164633300315
179000 0.72104212996917504963 301.89993704045599543 -907.55630226140897321 3232.410152045779796 4048.6787425440898005 7281.0888945898695965 6627.5974636698902032
180000 0.72104212996917504963 307.11447198931398361 -1330.4436258168300355 3252.5173701467501814 4118.6091208232601275 7371.126490970010309 6413.1324727179398906
181000 0.72104212996917504963 305.06453754334302175 -553.60819590969197179 3352.016358909219889 4091.1181378956898698 7443.1344968049097588 7044.5055509063604404
182000 0.72104212996917504963 299.14965959293397191 -652.87451337334903201 3267.8897182479099683 4011.7956946473700555 7279.6854128952800238 6809.5791518374999214
183000 0.72104212996917504963 297.28937888090399611 -1524.9733382049701049 3349.4158748874801859 3986.8480943007298265 7336.2639691882095576 6238.1976493189104076
184000 0.72104212996917504963 305.76034787246902624 -214.81530619386799685 3343.7860800788298548 4100.4494167160501092 7444.2354967948804187 7289.5564300765399821
185000 0.72104212996917504963 296.32373721076999118 -1536.7040351577300044 3336.9107060779001586 3973.8981979174700427 7310.8089039953802057 6204.2958244944702528
186000 0.72104212996917504963 305.91782152317597365 388.87485458935498173 3341.9227754627199829 4102.5612429998800508 7444.4840184626000337 7724.4957208122796146
187000 0.72104212996917504963 302.59166039048398034 -1112.9270786616500573 3352.4847386348401415 4057.9552122592999694 7410.4399508941396562 6609.070044330809651
188000 0.72104212996917504963 299.62265791325501141 -1107.2530635668399555 3245.2896008009997786 4018.1389163900298627 7263.4285171910396457 6466.1442196793195762
189000 0.72104212996917504963 299.32822631983299289 -374.10992973329501865 3334.3129538671701084 4014.1903930974899595 7348.5033469646496087 7079.1232184882101137
190000 0.72104212996917504963 304.60631462991801754 -553.5392547064060409 3290.6236059978300545 4084.9730641764999746 7375.5966701743300291 6977.0173658081803296
191000 0.72104212996917504963 299.89074626336400797 -1108.9223076832900006 3276.4431895825000538 4021.7341592868901898 7298.1773488693997933 6499.6911019871604367
192000 0.72104212996917504963 306.42211875427500445 -986.3851956315750158 3299.7004798227699212 4109.3242039315300644 7409.0246837542999856 6698.7720290976303659
193000 0.72104212996917504963 304.59292680762797545 -1291.9182424838600127 3268.6686146390097747 4084.793524584520128 7353.4621392235303574 6423.2085573700196619
194000 0.72104212996917504963 309.1821925144390093 -597.2406883946449625 3377.8050905105401398 4146.3386268896001638 7524.1437174001503081 7094.0969301207896933
195000 0.72104212996917504963 303.42597867863202055 42.405876400823800054 3260.1176218380101091 4069.1439748369098197 7329.2615966749199288 7359.7962056898495575
196000 0.72104212996917504963 302.1397240306540084 -888.53006995631199061 3158.2206930924598964 4051.8944454007000786 7210.115138493159975 6570.3236617722695883
197000 0.72104212996917504963 303.90072692054798154 -228.42570051574799095 3280.7534927802298625 4075.5106641908300844 7356.2641569710604017 7191.7848431070297011
198000 0.72104212996917504963 300.3654114705190068 -1491.4871448222900199 3274.732036393620092 4028.0997350894999727 7302.8317714831200647 6228.8773886641001809
199000 0.72104212996917504963 303.6334375949820128 -1039.375418761210085 3227.7644900535401575 4071.9261367439598871 7299.6906267975000446 6551.2820399397496658
200000 0.72104212996917504963 309.86909210445401186 -399.81154897260501002 3266.8900126895900939 4155.5504067780602782 7422.4404194676499174 7134.5536838619200353
201000 0.72104212996917504963 299.71391234823198602 -681.21203089776201978 3298.4004035085699797 4019.3626989938798033 7317.7631025024402334 6827.2522397360999094
202000 0.72104212996917504963 301.26437031633201968 -83.708022229936901226 3211.425731729259951 4040.1553704935499809 7251.5811022228099318 7191.3066320987900326
203000 0.72104212996917504963 300.99719728296497578 -950.39247736426898427 3227.3239826558301502 4036.5724026023499391 7263.8963852581800893 6579.5605061278301946
204000 0.72104212996917504963 302.49342498917002331 -863.27150442201798342 3242.7303638160001356 4056.637810258619993 7299.3681740746096693 6677.7642809701501392
205000 0.72104212996917504963 304.0483342066950172 -56.968961157245097127 3279.3429080059299849 4077.4901759705498989 7356.8330839764803386 7315.812237278700195
206000 0.72104212996917504963 298.95218426908098763 872.8345121515669689 3260.9389025238801878 4009.1474193489398203 7270.0863218728100037 7898.5761168100398208
207000 0.72104212996917504963 304.52916325793501073 302.93700039514902755 3245.6970942189600464 4083.9384130176799772 7329.6355072366395689 7547.7671354050999071
208000 0.72104212996917504963 311.00613494243799551 -1298.9827463602000535 3259.8353562295301344 4170.7989067036896813 7430.6342629332202705 6495.2938421305698284
209000 0.72104212996917504963 308.44018524260400227 71.371080297355405264 3247.6662675592501728 4136.3878163735798807 7384.0540839328396032 7435.4452640432100452
210000 0.72104212996917504963 302.89518412521999835 753.84087620552804765 3204.893006172279911 4062.0256672078098745 7266.9186733800897855 7809.7263775963601802
211000 0.72104212996917504963 304.05464178837701184 -278.4702867142730156 3145.51531893236006 4077.5747648317601488 7223.0900837641202088 7022.5758614727201348
212000 0.72104212996917504963 305.5124405113729722 -399.19445609165302358 3263.2728197017900129 4097.1248142903996268 7360.3976339921900944 7072.955239865639669
213000 0.72104212996917504963 301.28438111203797689 -31.949304971560401611 3278.4497928570899603 4040.4237285594399509 7318.8735214165399157 7295.8682302067900309
214000 0.72104212996917504963 297.63035678061800127 -323.97687797191599657 3239.2753594976197746 3991.4208344867101914 7230.6961939843304208 6997.4146741014201325
215000 0.72104212996917504963 301.93532439739101392 275.14735637151198944 3297.9155832593301056 4049.1533105124699432 7347.0688937717995941 7545.1904198755100879
216000 0.72104212996917504963 304.87206487362499274 194.10400573411899927 3241.5143407297900922 4088.5369515130500986 7330.0512922428297315 7469.8170611966897923
217000 0.72104212996917504963 297.5192346067739777 550.64913855443501234 3266.7465055448601561 3989.9306123042201762 7256.6771178490798775 7653.1753765159501199
218000 0.72104212996917504963 301.97010392139401347 242.76986299043301187 3238.718575296059953 4049.619727037390021 7288.338302333449974 7463.1462175609103724
219000 0.72104212996917504963 297.08852680995499895 -268.88256317018300479 3283.2159287677700377 3984.1545345801901021 7267.3704633479501354 7073.7599396617897582
220000 0.72104212996917504963 304.17204122776098529 -727.20683475660996464 3221.1405204945699552 4079.1491693158500311 7300.2896898104199863 6776.6599890020597741
221000 0.72104212996917504963 296.02169720671201958 -909.36648704698995971 3245.9538476763500512 3969.8476407831499273 7215.8014884595004332 6561.0066229836702405
222000 0.72104212996917504963 303.07360785243798773 749.92609678900498693 3307.931867001289902 4064.4184479372102032 7372.3503149384996505 7912.3391584446699198
223000 0.72104212996917504963 294.8324262147299919 -1154.5471231103399532 3330.9563308849701571 3953.8987266112599173 7284.8550574962200699 6453.5163849908203701
224000 0.72104212996917504963 310.32719861595597877 -452.69013924461899023 3278.863891752750078 4161.693919470129913 7440.5578112228704413 7114.595525333619662
225000 0.72104212996917504963 301.11443052706397339 -744.97310757090895095 3258.9656948181100233 4038.1445782972400593 7297.1102731153496279 6760.6878595963798944
226000 0.72104212996917504963 305.21669339340502347 -1214.0889776480601085 3245.5340531094398102 4093.1586489396499928 7338.6927020490902578 6464.4805553310898176
227000 0.72104212996917504963 305.77462909769900534 -1115.930834970829892 3336.3208130493499084 4100.6409374350496364 7436.9617504843999996 6633.4289709359700282
228000 0.72104212996917504963 302.02996335725998733 339.33935397895498909 3219.1842800696099403 4050.4224818438701732 7269.6067619134801134 7513.9501260073702724
229000 0.72104212996917504963 299.85690011585501225 900.42969414574201892 3228.3672491526399426 4021.2802599609099161 7249.6475091135498587 7898.0073825494300763
230000 0.72104212996917504963 303.08496901226101272 -1201.7156112402499275 3335.802916128130164 4064.570808638949984 7400.3737247670796933 6535.0710957274695829
231000 0.72104212996917504963 310.32744954116498093 -484.34725796757101079 3097.8411250221101909 4161.6972845438904187 7259.5384095660001549 6910.7812229510100224
232000 0.72104212996917504963 298.93252016539099714 -367.17030265304197201 3322.1938551320699844 4008.8837106533301267 7331.0775657854001111 7066.6943579621802201
233000 0.72104212996917504963 305.6922182129459884 921.63194480642800954 3278.5458674723099648 4099.5357527154801573 7378.0816201877996718 8041.7083030639796561
234000 0.72104212996917504963 303.85996117196401656 -923.88791358445598689 3239.1466575630802254 4074.9639684169501379 7314.1106259800299085 6648.8595190750702386
235000 0.72104212996917504963 303.77356379468398018 -1636.2701047070499953 3290.1679666769300638 4073.8053221839099933 7363.9732888608396024 6185.7670558897598312
236000 0.72104212996917504963 304.72615809772798912 -97.21432156109320033 3296.6943155456701788 4086.5802447056198616 7383.2745602512995902 7313.274797212269732
237000 0.72104212996917504963 297.45843455160598978 1171.1430591559799268 3208.4103494276200763 3989.1152431679502115 7197.5255925955798375 8040.8142697088496789
238000 0.72104212996917504963 304.47371720524097327 -737.65045836053798212 3274.141101470419926 4083.1948446118699394 7357.3359460822903202 6826.1862506290699457
239000 0.72104212996917504963 306.40196517699700962 259.59446541959198385 3339.4240941892498995 4109.0539310698995905 7448.4780252591399403 7635.4005977136002912
240000 0.72104212996917504963 298.72584171763702443 262.77926497345299595 3276.5008793972701824 4006.1120153486999698 7282.6128947459701521 7471.8287014741099483
241000 0.72104212996917504963 301.73343636909402221 449.70080930892299875 3216.8514457500500612 4046.4458579155898406 7263.2973036656403565 7587.1071043676902264
242000 0.72104212996917504963 304.77379080300102032 -1151.0383371196298867 3307.0703201685901149 4087.2190309312300087 7394.2893510998101192 6565.4772012708999682
243000 0.72104212996917504963 301.31028337440898213 1635.988139992439983 3206.2499957334998726 4040.7710951076801393 7247.0210908411800119 8425.0242934059406252
244000 0.72104212996917504963 310.56438635805102422 1115.1744226030500613 3234.7292165575699983 4164.8747646826896016 7399.6039812402595999 8202.5921014663399546
245000 0.72104212996917504963 302.90161649795498988 -345.5246465069669739 3239.7409559238499241 4062.1119295999501446 7301.8528855238000688 7053.0557639553398985
246000 0.72104212996917504963 302.75328034469998784 -728.56337197896004909 3242.4604251656801353 4060.1226432280500376 7302.5830683937301728 6777.9765847143598876
247000 0.72104212996917504963 305.8031887396870161 -788.60427435044505273 3269.5090357734698046 4101.0239412095697844 7370.532976983039589 6802.6936766655098836
248000 0.72104212996917504963 302.80948260433598307 -398.05988876893599127 3173.2279540144299972 4060.8763528713898268 7234.1043068858198239 6947.4788648550802463
249000 0.72104212996917504963 303.12055273883100881 -1923.6351855540999622 3221.5013023724800405 4065.0480100546201356 7286.5493124270997214 5901.4241065931200865
250000 0.72104212996917504963 302.08700027103299135 -1214.4887628363298973 3230.4539196336500027 4051.1873847537299298 7281.6413043873899369 6407.141289914959998
251000 0.72104212996917504963 301.98594709572898864 -1169.3888702669300983 3269.3623003651300678 4049.8321945316702113 7319.1944948968002791 6477.1689321537896831
252000 0.72104212996917504963 298.96812730739100061 -1435.4123281489301007 3186.6962692372599122 4009.3612260854702072 7196.0574953227296646 6162.4801250319096653
253000 0.72104212996917504963 305.20290952859699019 -1618.8947934329598866 3272.9689284114901966 4092.9737981543598835 7365.9427265658596298 6200.2476920723602234
254000 0.72104212996917504963 306.09242819893700016 538.67578701370302952 3323.78073540710011 4104.902834533119858 7428.683569940219968 7816.5603440647300886
255000 0.72104212996917504963 303.40116553381699305 -1137.765566833289995 3247.0181659368399778 4068.8112140787097815 7315.8293800155397548 6496.5743690936997154
256000 0.72104212996917504963 309.89168223995801554 -70.500153348249497753 3309.1240282991998356 4155.8533555043995875 7464.9773838035998779 7414.2133199357904232
257000 0.72104212996917504963 306.52653880638598594 -1363.1299210259498977 3203.6876736760100357 4110.7245462085802501 7314.4122198845998355 6332.8822361233196716
258000 0.72104212996917504963 302.24454704103800395 -735.8125875024850302 3188.8174130584197883 4053.3001916159200846 7242.1176046743403276 6712.2912793017203512
259000 0.72104212996917504963 302.91812574811001468 455.33126288635202172 3230.8921867090198248 4062.333329613530168 7293.2255163225499928 7621.089559340890446
260000 0.72104212996917504963 312.2448430177240084 1300.7093282836999606 3263.9012543287299195 4187.4108050094400824 7451.3120593381599974 8387.8957159477595269
261000 0.72104212996917504963 302.64619532728698914 -787.89013305737603332 3253.7911422092802241 4058.6865619956502087 7312.4777042049399824 6745.1526256655197358
262000 0.72104212996917504963 302.57776542592500846 -576.41588740386998779 3211.5336388692398941 4057.7688715525400767 7269.30251042179043 6854.2507476540504285
263000 0.72104212996917504963 304.02985705552401896 456.19661919697597341 3333.789106356639877 4077.24238509684983 7411.0314914534901618 7739.5186395423097565
264000 0.72104212996917504963 302.32195655997998074 -215.03793200422501286 3278.0551690456700271 4054.3383046969797761 7332.3934737426498032 7177.5541039565996471
265000 0.72104212996917504963 307.74439195208299225 -1567.0638514132499495 3262.6195624170100018 4127.056766052220155 7389.676328469229702 6261.3024787683498289
266000 0.72104212996917504963 299.17982222929498448 -332.29354149253498463 3244.2833729368198874 4012.2001956414801498 7256.4835685783000372 7017.2135845846496522
267000 0.72104212996917504963 300.63735174815798246 402.03350620708602037 3254.1175269070799914 4031.7466348938301053 7285.8641618009096419 7575.3508312167896293
268000 0.72104212996917504963 301.83478712201497274 -1791.486831680530031 3252.3349444179198144 4047.8050388512101563 7300.1399832691304255 6010.1690027447903049
269000 0.72104212996917504963 300.83807574489600256 -714.67470294832594391 3146.5829767708301006 4034.4384770541100806 7181.0214538249401812 6666.415590686449832
270000 0.72104212996917504963 298.86350818376797633 -640.70115824993899878 3280.3466794562500581 4007.9582141271698674 7288.3048935834203803 6826.9641308631798893
271000 0.72104212996917504963 301.63150695607600937 -1008.5946223672100359 3196.8282254284099508 4045.0789167635898593 7241.9071421919998102 6515.6624548413701632
272000 0.72104212996917504963 303.31148837414002628 -820.61155848938199142 3345.743591496299814 4067.6085837845998867 7413.3521752809001555 6822.4658355018000293
273000 0.72104212996917504963 305.60055048042300996 361.92394167366501279 3263.4555929408102202 4098.306427516939948 7361.7620204577497134 7622.367554174160432
274000 0.72104212996917504963 298.45471225537801274 -64.725737656155700961 3243.8604160123500151 4002.4759891173298456 7246.3364051296803154 7199.7302443737298745
275000 0.72104212996917504963 299.54526882886102612 438.88646528276399295 3271.535529060980025 4017.101077349840125 7288.6366064108096907 7604.6594729750004262
276000 0.72104212996917504963 305.22468659414801095 340.97948149016701791 3260.5244445472599182 4093.2658430724100072 7353.7902876196703801 7599.3146354955297284
277000 0.72104212996917504963 306.42650727083599804 -1373.4976279097800216 3303.8579741976200239 4109.3830568544099151 7413.241031052029939 6424.2457169415702083
278000 0.72104212996917504963 301.27651314410002215 -1867.8978636488500342 3240.2040495910300706 4040.3182138817901432 7280.522263472819759 5935.5310550082103873
279000 0.72104212996917504963 305.10927619478400175 473.29677227183702826 3322.1722821011198903 4091.7181129365399102 7413.890395037649796 7754.6906122705004236
280000 0.72104212996917504963 299.48949811370601992 -768.43135397143396403 3269.6817831849898539 4016.3531550047100609 7286.0349381897003695 6732.7212717876300303
