Step Density Temperature Pressure KinEng PotEng TotEng

251000 0.72104212996917504963 301.98594709572898864 -1169.3888702669300983 3269.3623003651300678 4049.8321945316702113 7319.1944948968002791 6477.1689321537896831
252000 0.72104212996917504963 298.96812730739100061 -1435.4123281489301007 3186.6962692372599122 4009.3612260854702072 7196.0574953227296646 6162.4801250319096653
253000 0.72104212996917504963 305.20290952859699019 -1618.8947934329598866 3272.9689284114901966 4092.9737981543598835 7365.9427265658596298 6200.2476920723602234
254000 0.72104212996917504963 306.09242819893700016 538.67578701370302952 3323.78073540710011 4104.902834533119858 7428.683569940219968 7816.5603440647300886
255000 0.72104212996917504963 303.40116553381699305 -1137.765566833289995 3247.0181659368399778 4068.8112140787097815 7315.8293800155397548 6496.5743690936997154
256000 0.72104212996917504963 309.89168223995801554 -70.500153348249497753 3309.1240282991998356 4155.8533555043995875 7464.9773838035998779 7414.2133199357904232
257000 0.72104212996917504963 306.52653880638598594 -1363.1299210259498977 3203.6876736760100357 4110.7245462085802501 7314.4122198845998355 6332.8822361233196716
258000 0.72104212996917504963 302.24454704103800395 -735.8125875024850302 3188.8174130584197883 4053.3001916159200846 7242.1176046743403276 6712.2912793017203512
259000 0.72104212996917504963 302.91812574811001468 455.33126288635202172 3230.8921867090198248 4062.333329613530168 7293.2255163225499928 7621.089559340890446
260000 0.72104212996917504963 312.2448430177240084 1300.7093282836999606 3263.9012543287299195 4187.4108050094400824 7451.3120593381599974 8387.8957159477595269
261000 0.72104212996917504963 302.64619532728698914 -787.89013305737603332 3253.7911422092802241 4058.6865619956502087 7312.4777042049399824 6745.1526256655197358
262000 0.72104212996917504963 302.57776542592500846 -576.41588740386998779 3211.5336388692398941 4057.7688715525400767 7269.30251042179043 6854.2507476540504285
263000 0.72104212996917504963 304.02985705552401896 456.19661919697597341 3333.789106356639877 4077.24238509684983 7411.0314914534901618 7739.5186395423097565
264000 0.72104212996917504963 302.32195655997998074 -215.03793200422501286 3278.0551690456700271 4054.3383046969797761 7332.3934737426498032 7177.5541039565996471
265000 0.72104212996917504963 307.74439195208299225 -1567.0638514132499495 3262.6195624170100018 4127.056766052220155 7389.676328469229702 6261.3024787683498289
266000 0.72104212996917504963 299.17982222929498448 -332.29354149253498463 3244.2833729368198874 4012.2001956414801498 7256.4835685783000372 7017.2135845846496522
267000 0.72104212996917504963 300.63735174815798246 402.03350620708602037 3254.1175269070799914 4031.7466348938301053 7285.8641618009096419 7575.3508312167896293
268000 0.72104212996917504963 301.83478712201497274 -1791.486831680530031 3252.3349444179198144 4047.8050388512101563 7300.1399832691304255 6010.1690027447903049
269000 0.72104212996917504963 300.83807574489600256 -714.67470294832594391 3146.5829767708301006 4034.4384770541100806 7181.0214538249401812 6666.415590686449832
270000 0.72104212996917504963 298.86350818376797633 -640.70115824993899878 3280.3466794562500581 4007.9582141271698674 7288.3048935834203803 6826.9641308631798893
271000 0.72104212996917504963 301.63150695607600937 -1008.5946223672100359 3196.8282254284099508 4045.0789167635898593 7241.9071421919998102 6515.6624548413701632
272000 0.72104212996917504963 303.31148837414002628 -820.61155848938199142 3345.743591496299814 4067.6085837845998867 7413.3521752809001555 6822.4658355018000293
273000 0.72104212996917504963 305.60055048042300996 361.92394167366501279 3263.4555929408102202 4098.306427516939948 7361.7620204577497134 7622.367554174160432
274000 0.72104212996917504963 298.45471225537801274 -64.725737656155700961 3243.8604160123500151 4002.4759891173298456 7246.3364051296803154 7199.7302443737298745
275000 0.72104212996917504963 299.54526882886102612 438.88646528276399295 3271.535529060980025 4017.101077349840125 7288.6366064108096907 7604.6594729750004262
276000 0.72104212996917504963 305.22468659414801095 340.97948149016701791 3260.5244445472599182 4093.2658430724100072 7353.7902876196703801 7599.3146354955297284
277000 0.72104212996917504963 306.42650727083599804 -1373.4976279097800216 3303.8579741976200239 4109.3830568544099151 7413.241031052029939 6424.2457169415702083
278000 0.72104212996917504963 301.27651314410002215 -1867.8978636488500342 3240.2040495910300706 4040.3182138817901432 7280.522263472819759 5935.5310550082103873
279000 0.72104212996917504963 305.10927619478400175 473.29677227183702826 3322.1722821011198903 4091.7181129365399102 7413.890395037649796 7754.6906122705004236
280000 0.72104212996917504963 299.48949811370601992 -768.43135397143396403 3269.6817831849898539 4016.3531550047100609 7286.0349381897003695 6732.7212717876300303
