Step Density Temperature Pressure KinEng PotEng TotEng

151000 0.82372724821372100834 322.36439982945097427 1369.4573157863599135 2919.0682655538098516 5187.9371239359998071 8107.0053894898101134 9155.6462380994198611
152000 0.82372724821372100834 319.32389482347201692 1933.5725863340499018 2776.2447664160399654 5139.005080557830297 7915.2498469738702624 9395.8532760901198344
153000 0.82372724821372100834 319.30388384825397452 463.46739886767198868 2833.3365657883600761 5138.6830360601197754 7972.0196018484703018 8326.9126246897194505
154000 0.82372724821372100834 326.48789603971601991 -603.07313833644695933 2815.7720355604101314 5254.2981708784000148 8070.0702064388096915 7608.27623866139038
155000 0.82372724821372100834 321.86407136121897565 -221.55375972884900193 2714.766600695879788 5179.885141037520043 7894.651741733399831 7725.0003623610500654
156000 0.82372724821372100834 326.29589826914997275 1230.7631553568398886 2870.5294890570298776 5251.20827521325009 8121.7377642702804224 9064.1756955538403417
157000 0.82372724821372100834 323.23146293523302575 746.02677893491295436 2782.7470370587798243 5201.891111651940264 7984.6381487107200883 8555.8966651534792618
158000 0.82372724821372100834 327.07038098459901221 1142.162370856590087 2820.5446015541101588 5263.6723302808995868 8084.2169318350097456 8958.8101769244094612
159000 0.82372724821372100834 325.78513960766201762 1587.688288171639897 2802.9164100326102016 5242.9884351108503324 8045.9048451434600793 9261.652699891179509
160000 0.82372724821372100834 319.86970335293398193 277.08436759566598084 2838.8540706642302212 5147.7889919762501449 7986.6430626404799114 8198.8161497623204923
161000 0.82372724821372100834 328.11383350828998573 -572.18656046640103341 2884.9743269424197933 5280.4650223014396033 8165.4393492438603062 7727.2963027875603075
162000 0.82372724821372100834 322.0723303932629733 -445.44966008715499584 2793.618733381830225 5183.2367355817896168 7976.855468963630301 7635.7592521031301658
163000 0.82372724821372000914 318.87856741529702731 1966.6195789686000808 2848.0981472035200568 5131.8382513595597629 7979.9363985630798197 9485.8450533339091635
164000 0.82372724821372100834 325.74865880721802114 1294.4736015739599679 2823.5649817579801493 5242.4013352355595998 8065.9663169935502083 9057.1895412659996509
165000 0.82372724821372100834 318.62986813223801619 368.89024063185297564 2912.7236153021899554 5127.8358359440899221 8040.5594512462803323 8323.0314717472301709
166000 0.82372724821372100834 320.63810654196299765 1837.473959194039935 2860.2938906529598171 5160.1552068331702685 8020.4490974861300856 9427.4664828807799495
167000 0.82372724821372100834 317.71123868557998549 -320.70060427938699377 2893.9758105927799079 5113.0519708151296072 8007.0277814079099699 7761.4562327773201105
168000 0.82372724821372100834 329.44464679538498331 1450.5213734508699872 2848.9060493223000776 5301.8823241523796241 8150.7883734746801565 9261.502775776789349
169000 0.82372724821372100834 328.46801793991397744 484.77927397432597445 2804.5834991945098409 5286.16505171694007 8090.7485509114603701 8461.9608138923395018
170000 0.82372724821372100834 327.13891144522000332 144.9451483214309917 2825.6996511163501964 5264.7752179476601668 8090.4748690640099085 8201.4643840970893507
171000 0.82372724821372100834 317.68431134706497687 148.87323504364400151 2835.6993647064700781 5112.6186185615797513 7948.3179832680498293 8062.3153702123699986
172000 0.82372724821372100834 327.26121998168702021 33.529090231946298672 2830.4014723412301464 5266.7435773485503887 8097.1450496897696212 8122.8194341547996373
173000 0.82372724821372100834 326.88408669173799126 391.49330121746601208 2771.2858725411601881 5260.674222926550101 8031.9600954677098343 8331.7400615033202484
174000 0.82372724821372100834 321.28854366305898793 964.77036451636502079 2786.2967348848601432 5170.6229473439398134 7956.9196822288004114 8695.677730469909875
175000 0.82372724821372100834 322.05892832887997201 -506.96345910012399827 2894.1995106908398157 5183.0210508865002339 8077.2205615773400496 7689.0211004940601924
176000 0.82372724821372100834 319.45448491949400704 -443.48800539657599984 2809.375050987549912 5141.1067183550803747 7950.4817693426302867 7610.8876593500799572
177000 0.82372724821372100834 327.639964274286001 -432.51069244858399543 2868.316383975539793 5272.8388582700399638 8141.1552422455797569 7809.9668405818301835
178000 0.82372724821372100834 321.88279161536502215 374.52980134992100147 2807.8924820944198473 5180.1864134531697346 7988.0788955475900366 8274.8693228137708502
179000 0.82372724821372100834 325.15731960107501664 -96.491238762921497596 2940.5359859565801344 5232.8846807228201214 8173.4206666793897966 8099.533986654149885
180000 0.82372724821372100834 320.67143627210299428 103.75113652605199377 2785.8828644444502061 5160.6915952942399599 7946.574459738690166 8026.020294666670452
181000 0.82372724821372100834 320.2827140301699842 1079.2210738529299761 2840.3471624756298297 5154.4357353081795736 7994.7828977838098581 8821.1798140488899662
182000 0.82372724821372100834 320.0977406138420065 1051.5173183528800109 2714.1749641530800545 5151.4588853395798651 7865.6338494926503699 8670.8170416479297273
183000 0.82372724821372100834 325.21871126522597706 476.84907977158701442 2819.9574323612901026 5233.8726809291601967 8053.8301132904498445 8418.969952193170684
184000 0.82372724821372100834 323.69405352530202435 1233.8766494828601026 2887.4854930787500962 5209.3357640288004404 8096.8212571075500819 9041.6432985673200164
185000 0.82372724821372100834 319.30470579983500556 1573.8711138459400445 2832.2529583110699605 5138.696264050319769 7970.9492223613897295 9176.1167886669190921
186000 0.82372724821372100834 322.47054949584401129 627.30710032524802955 2720.8155160866399456 5189.6454322829004013 7910.4609483695303425 8390.8116993136591191
187000 0.82372724821372100834 321.75157422265601781 1871.6665446302399687 2816.4398434668901245 5178.0746803235097104 7994.514523790399835 9427.7143548842705059
188000 0.82372724821372100834 324.89313302082001655 223.33217451217799976 2809.8672471406398472 5228.63302213993029 8038.5002692805801416 8209.5134423839699593
189000 0.82372724821372100834 321.18022107115001518 -278.63756853815402792 2840.075506263310217 5168.8796692517298652 8008.9551755150496319 7795.5927486922801108
190000 0.82372724821372100834 330.36094495621398437 1143.2866610496400881 2847.5598802193599113 5316.6286709812402478 8164.1885512006001591 9039.642704190189761
191000 0.82372724821372100834 325.52485210728900711 285.24962289557697659 2806.4730978123398017 5238.7995259546296438 8045.2726237669703551 8263.6981293819699204
192000 0.82372724821372100834 324.91653137675700691 1274.2875204436600143 2836.3642744457201843 5229.0095810883403828 8065.3738555340596577 9041.1398990659508854
193000 0.82372724821372100834 321.21858260308999888 1225.7224554899601117 2813.314670902349917 5169.497036478969676 7982.8117073813200477 8921.389800373419348
194000 0.82372724821372100834 323.25058255151799358 -560.70281372640295103 2743.9740633883498049 5202.1988111596301678 7946.1728745479804275 7516.8233302971402736
195000 0.82372724821372100834 321.79818918403901762 1025.4686951722098911 2837.1776661815001717 5178.8248732381698574 8016.002539419670029 8801.2393995480997546
196000 0.82372724821372100834 323.50519596840399572 -1287.8743232586400609 2777.4612511105901831 5206.2964050577502348 7983.7576561683499676 6997.5877276306400745
197000 0.82372724821372100834 327.67577170743800252 552.68500835055397147 2962.2669207109702256 5273.4151213805398584 8235.6820420915191789 8658.8920753576803691
198000 0.82372724821372100834 325.58507994598397772 995.05279615827998896 2845.9394195917197976 5239.768796260000272 8085.7082158517196149 8847.6545697441906668
199000 0.82372724821372100834 322.23678325770498532 1102.6290883166300318 2888.0647459358801825 5185.8833402348800519 8073.9480861707597796 8918.2693290055904072
200000 0.82372724821372100834 315.03145464793402653 349.05841867568699399 2827.637286609829971 5069.9251519095996628 7897.5624385194296337 8164.8485467864902603
201000 0.82372724821372100834 324.57231927558001416 306.18709446181901512 2830.6643567976198028 5223.4700403104197903 8054.1343971080395931 8288.5924491177793243
202000 0.82372724821372100834 330.38408480417001556 270.6857357552510166 2783.119015672849855 5317.0010696589897634 8100.1200853318396184 8307.3935186669405084
203000 0.82372724821372100834 323.16660200408398396 897.54884413997899628 2831.5200700657201196 5200.847279166790031 8032.3673492325096959 8719.6515535211801762
204000 0.82372724821372100834 319.52228632081397564 1047.7126403785200637 2840.4352550547700957 5142.197872983670095 7982.6331280384301863 8784.9029466305291862
205000 0.82372724821372100834 326.1185055729549731 1293.3311294465199808 2948.8553498235901316 5248.3534247564602992 8197.2087745800508856 9187.557168416080458
206000 0.82372724821372100834 322.65663097828598893 165.5181730131540121 2827.3905760223301513 5192.6401147954502449 8020.0306908177799414 8146.7736826642703818
207000 0.82372724821372100834 322.99356617197497599 772.73373862015000668 2734.1379664632800086 5198.0625454379996881 7932.2005119012801515 8523.9094714102593571
208000 0.82372724821372100834 325.79147261984098805 1954.2112335482099752 2827.1241222056100924 5243.0903547676298331 8070.2144769732403802 9566.6216323387998273
209000 0.82372724821372100834 329.32304772358202172 1550.7194383820399253 2689.0444700681100585 5299.9253824454999631 7988.9698525136100216 9176.4093798906305892
210000 0.82372724821372100834 322.00591450380301239 916.94468289578799158 2714.3275512817299386 5182.1678785407202668 7896.4954298224602098 8598.6316989239003306
211000 0.82372724821372100834 327.22067489679500341 1444.2553308634398945 2832.0984626825397754 5266.0910693445102879 8098.1895320270496086 9204.1058087208893994
212000 0.82372724821372100834 328.01103582652700652 -859.62728986433796763 2682.5218847637302133 5278.8106587620595747 7961.3325435257902427 7303.0861853954602338
213000 0.82372724821372100834 321.54937036835798381 273.6373791547450196 2733.9528864889898614 5174.820534137170398 7908.7734206261602594 8118.3070294362896675
214000 0.82372724821372100834 317.45192077704501799 801.32531365117802125 2745.2347335440199458 5108.8786656818601841 7854.11339922588013 8467.7159169772403402
215000 0.82372724821372100834 327.99441695479697501 1387.3466557360300158 2859.3653799539602005 5278.5432047204403716 8137.9085846744001174 9200.2479198375003762
216000 0.82372724821372100834 316.95711173300998098 557.16516796952998902 2745.3876301832801801 5100.9155090486701738 7846.3031392319498991 8272.943785727600698
217000 0.82372724821372100834 325.55183738587601283 -340.14816308877402662 2755.8581982492801217 5239.2338106605502617 7995.0920089098299286 7734.628791631979766
218000 0.82372724821372100834 315.18061534872799712 -198.20231104245200981 2873.8779055441500532 5072.3256537562301673 7946.2035593003802205 7794.4331921249704465
219000 0.82372724821372100834 320.2257218240440011 -479.26056321559997286 2656.3507550220801932 5153.5185373108397471 7809.8692923329199402 7442.8828971220900712
220000 0.82372724821372100834 326.76797641701500652 201.74972545129199375 2702.3068681461099914 5258.8056145906803067 7961.1124827367902981 8115.5992278621797595
221000 0.82372724821372100834 325.75711692320197699 675.80231062629195549 2660.9571255277601267 5242.5374550240303506 7903.494580551800027 8420.9797919112806994
222000 0.82372724821372100834 318.35256030267902361 544.47411606871594358 2868.5577474842898482 5123.3730119334695701 7991.930759417759873 8408.8534283746994333
223000 0.82372724821372100834 321.3540603927510233 436.71997030248098781 2658.5380580953501521 5171.6773338530701949 7830.2153919484198923 8164.6269833018795907
224000 0.82372724821372100834 318.41348056201502459 890.61489799229605069 2789.6488899823598331 5124.3534256366401678 7914.0023156190000009 8595.976957434490032
225000 0.82372724821372100834 320.89223133398502341 1264.7226925641400612 2627.3489351254797839 5164.2449370991098476 7791.5938722245900863 8760.0357961152494681
226000 0.82372724821372100834 325.52234390300901623 917.79147450041295997 2719.4538385223800105 5238.7591604362696671 7958.2129989586501324 8660.997685689930222
227000 0.82372724821372100834 319.31145983556700685 290.67673460095898008 2749.2634579279201716 5138.8049594047997743 7888.068417332719946 8110.6496501533902119
228000 0.82372724821372100834 321.74329663775199606 223.97973787956200908 2714.6499100527898918 5177.9414658927498749 7892.5913759455397667 8064.1004107244098122
229000 0.82372724821372100834 327.89853204005902398 162.38495425563598928 2795.5891018444599467 5277.0000910606895559 8072.5891929051504121 8196.9329707426404639
230000 0.82372724821372100834 322.59391540049597324 405.44576881180501005 2744.9366074645099616 5191.630808326010083 7936.5674157905295942 8247.0312690051505342
231000 0.82372724821372100834 326.93081634637201205 667.00514263628099343 2811.5379359757698694 5261.4262616448204426 8072.964197620590312 8583.713113076530135
232000 0.82372724821372100834 321.71156478496800446 2084.8410338636499546 2703.2346034351699018 5177.4307927006802856 7880.6653961358497327 9477.1003092689697951
233000 0.82372724821372000914 322.33701867749897474 874.62704655693903533 2810.1773906555999929 5187.4964682842501134 7997.6738589398501063 8667.4060497469308757
234000 0.82372724821372100834 323.73914781097198556 727.00032902649604694 2650.5369744782701673 5210.0614841108899782 7860.5984585891601455 8417.2877640401002282
235000 0.82372724821372100834 319.73891953445900072 810.28342584280596839 2604.9345454209101263 5145.6842365273396354 7750.6187819482502164 8371.0808361468407384
236000 0.82372724821372100834 325.49127375554400032 -208.49397196458301096 2733.6605631071897733 5238.2591363282699604 7971.9196994354597336 7812.2686514103597801
237000 0.82372724821372100834 321.38788110186101221 -2.4348663033190001137 2687.713163981120033 5172.2216238318796968 7859.934787813010189 7858.0703264405101436
238000 0.82372724821372100834 319.54250561664900943 557.63750417779294821 2737.2605871255900638 5142.5232700670103441 7879.7838571926004079 8306.7861878652893211
239000 0.82372724821372100834 320.18657575457001485 -369.8137133273839936 2679.8712466513397885 5152.8885442123801113 7832.7597908637299042 7549.5806353685302383
240000 0.82372724821372100834 326.93430431467101016 772.22677432007299103 2817.6235153728398473 5261.482394891039803 8079.105910263880105 8670.4266696678096196
241000 0.82372724821372100834 325.22708552904299495 194.8543563362999862 2745.2936440054800187 5234.0074512517003313 7979.30109525718035 8128.5078176780598369
242000 0.82372724821372100834 324.02397920639697304 807.9732719196299513 2778.2606976099600615 5214.6453878271995563 7992.9060854371600726 8611.5991748476608336
243000 0.82372724821372100834 325.67613150795000365 503.85387662320897562 2827.8952791928500119 5241.234124871860331 8069.1294040647198926 8454.9477502568406635
244000 0.82372724821372100834 323.44434657843402192 717.14677481737999187 2790.2965651647800769 5205.3171318831700773 7995.6136970479601587 8544.7577951174298505
245000 0.82372724821372100834 328.39059661692499503 900.87019872930795827 2626.4285492067301675 5284.9190799039097328 7911.3476291106399003 8601.1751095240397262
246000 0.82372724821372000914 328.74597116431698396 1396.1051934007500677 2847.2120594639900446 5290.6382623207400684 8137.8503217847201086 9206.8963722747303109
247000 0.82372724821372100834 320.17367503093498726 -39.748637089482897977 2739.9762183683801595 5152.6809277909997036 7892.6571461593803178 7862.2202394751702741
248000 0.82372724821372100834 319.90755332203002581 465.75759603253300156 2683.8480536257497988 5148.3981264213698523 7832.2461800471201059 8188.8928860961295868
249000 0.82372724821372100834 332.07791679121601192 -444.26703205752897929 2767.6497275682700092 5344.2605742815803751 8111.9103018498499296 7771.7196641894397544
250000 0.82372724821372100834 317.31574682233400608 -209.17541344553100657 2803.0515835012101888 5106.6871646497002075 7909.7387481509003919 7749.5658968066200032
251000 0.82372724821372100834 317.18767429948002246 -111.9048717380720035 2829.0644839311598844 5104.6260431479995532 7933.6905270791503426 7848.0010949878897009
252000 0.82372724821372100834 318.77075361687400346 1237.8726366009800586 2693.6748040038501131 5130.1031614811299733 7823.7779654849900908 8771.659872538430136
253000 0.82372724821372100834 322.08303047702599997 1131.4938086397899042 2796.623488385930159 5183.4089362398399317 7980.0324246257696359 8846.4563825037294009
254000 0.82372724821372100834 326.22480745805802371 1084.940016892129961 2917.1316082456201002 5250.0641828189600346 8167.1957910645796801 8997.9718998847401963
255000 0.82372724821372100834 320.50633907322401228 1333.4413264650199835 2912.4613633258099981 5158.0346211135401973 8070.4959844393497406 9091.5581439068591862
256000 0.82372724821372100834 330.87000644367600444 1028.0262275047600724 2683.6457587890199648 5324.8211977942701196 8008.4669565833000888 8795.6622077069096122
257000 0.82372724821372100834 322.89929376483701162 -540.41000348261195541 2756.2149076077898826 5196.5453824975002135 7952.7602901052896414 7538.9496527699202488
258000 0.82372724821372100834 323.12448156218499662 568.21784896184601621 2733.2359500105499137 5200.169418322599995 7933.405368333140359 8368.5094350767794822
259000 0.82372724821372100834 322.31074150240601739 1070.3353121778300192 2858.492288558240034 5187.0735793664498487 8045.5658679246898828 8865.1586490363097255
260000 0.82372724821372100834 321.14143194369597722 -668.2449058311490262 2837.8738595560298563 5168.2554205616497711 8006.1292801176896319 7494.4310350888199537
261000 0.82372724821372100834 328.30098573376199056 1513.1037444136200065 2806.2964355534199967 5283.4769367028602574 8089.7733722562797993 9248.4092612946806184
262000 0.82372724821372100834 326.80865961816101617 1242.4633831654400637 2675.7602471934501409 5259.4603453539402835 7935.2205925473899697 8886.6177930806807126
263000 0.82372724821372100834 324.50968921106698417 855.4639381466560053 2818.9581529670999771 5222.4621100397898772 8041.4202630069003135 8696.4785986790193419
264000 0.82372724821372100834 327.35289993612900616 427.19887046204399894 2719.5867866368498653 5268.2190189277698664 7987.8058055646197317 8314.9267613493193494
265000 0.82372724821372100834 324.36183673766299762 -80.217630884345197728 2678.3121855234398936 5220.082662011280263 7898.3948475347197018 7836.9694321133501944
266000 0.82372724821372100834 328.12527186727697881 660.97485772588299824 2760.8085979210300138 5280.6491043131500192 8041.457702234180033 8547.5890198921406409
267000 0.82372724821372100834 321.44120279410202556 -485.24274374364699725 2707.6329092118999142 5173.0797508050700344 7880.7126600169704034 7509.1455021981000755
268000 0.82372724821372100834 323.76507534531901911 647.23670371999696727 2780.0920556239498183 5210.4787461225796505 7990.5708017465303783 8486.1823395552091824
269000 0.82372724821372100834 325.54270392089597408 -211.84006915522999748 2769.3956487422101418 5239.0868222149902067 8008.4824709572003485 7846.2692005414601226
270000 0.82372724821372100834 322.94763125692202266 1487.3730562843500138 2847.2179957401099273 5197.3232967764897694 8044.5412925166001514 9183.4743033972408739
271000 0.82372724821372100834 320.76398818807399493 1276.6722012143800384 2688.2262182979598037 5162.1810696934198859 7850.4072879913801444 8827.9993640971006243
272000 0.82372724821372100834 320.59833746901898621 2285.6296419030700235 2740.705500625500008 5159.5151874947596298 7900.2206881202600925 9650.4063855227595923
273000 0.82372724821372100834 323.53110081979400547 11.927901553981200777 2770.6164068261800821 5206.7133020236997254 7977.3297088498902667 7986.4633157637399563
274000 0.82372724821372100834 326.37878692244402146 375.83959517511402737 2760.8720781528299995 5252.5422349240698168 8013.4143130768998162 8301.2076947926507273
275000 0.82372724821372100834 324.26264312371398546 -403.41242940184400823 2772.3389032793697879 5218.4863001532803537 7990.8252034326496869 7681.9183485558396569
276000 0.82372724821372100834 326.64203299235902023 910.84561206238504383 2802.5568761324998377 5256.7787575040001684 8059.3356336364995514 8756.801633178789416
277000 0.82372724821372100834 320.11078466431200695 305.12644158167302066 2693.4483670167401215 5151.6688083761000598 7845.1171753928501857 8078.7630487946798894
278000 0.82372724821372100834 316.04165488771201353 1280.8368414319500062 2897.3856656957500491 5086.1827018416797728 7983.5683675374302766 8964.3494527503007703
279000 0.82372724821372100834 323.05733620908097237 662.32053084723497705 2702.4166341307200128 5199.0888217360898125 7901.5054558668098252 8408.6672019927900692
280000 0.82372724821372100834 316.65781333438900447 956.46076897220200408 2748.9024547492999773 5096.0987821577200521 7845.0012369070200293 8577.3963403359193762
