Step Density Temperature Pressure KinEng PotEng TotEng

251000 0.82372724821372100834 317.18767429948002246 -111.9048717380720035 2829.0644839311598844 5104.6260431479995532 7933.6905270791503426 7848.0010949878897009
252000 0.82372724821372100834 318.77075361687400346 1237.8726366009800586 2693.6748040038501131 5130.1031614811299733 7823.7779654849900908 8771.659872538430136
253000 0.82372724821372100834 322.08303047702599997 1131.4938086397899042 2796.623488385930159 5183.4089362398399317 7980.0324246257696359 8846.4563825037294009
254000 0.82372724821372100834 326.22480745805802371 1084.940016892129961 2917.1316082456201002 5250.0641828189600346 8167.1957910645796801 8997.9718998847401963
255000 0.82372724821372100834 320.50633907322401228 1333.4413264650199835 2912.4613633258099981 5158.0346211135401973 8070.4959844393497406 9091.5581439068591862
256000 0.82372724821372100834 330.87000644367600444 1028.0262275047600724 2683.6457587890199648 5324.8211977942701196 8008.4669565833000888 8795.6622077069096122
257000 0.82372724821372100834 322.89929376483701162 -540.41000348261195541 2756.2149076077898826 5196.5453824975002135 7952.7602901052896414 7538.9496527699202488
258000 0.82372724821372100834 323.12448156218499662 568.21784896184601621 2733.2359500105499137 5200.169418322599995 7933.405368333140359 8368.5094350767794822
259000 0.82372724821372100834 322.31074150240601739 1070.3353121778300192 2858.492288558240034 5187.0735793664498487 8045.5658679246898828 8865.1586490363097255
260000 0.82372724821372100834 321.14143194369597722 -668.2449058311490262 2837.8738595560298563 5168.2554205616497711 8006.1292801176896319 7494.4310350888199537
261000 0.82372724821372100834 328.30098573376199056 1513.1037444136200065 2806.2964355534199967 5283.4769367028602574 8089.7733722562797993 9248.4092612946806184
262000 0.82372724821372100834 326.80865961816101617 1242.4633831654400637 2675.7602471934501409 5259.4603453539402835 7935.2205925473899697 8886.6177930806807126
263000 0.82372724821372100834 324.50968921106698417 855.4639381466560053 2818.9581529670999771 5222.4621100397898772 8041.4202630069003135 8696.4785986790193419
264000 0.82372724821372100834 327.35289993612900616 427.19887046204399894 2719.5867866368498653 5268.2190189277698664 7987.8058055646197317 8314.9267613493193494
265000 0.82372724821372100834 324.36183673766299762 -80.217630884345197728 2678.3121855234398936 5220.082662011280263 7898.3948475347197018 7836.9694321133501944
266000 0.82372724821372100834 328.12527186727697881 660.97485772588299824 2760.8085979210300138 5280.6491043131500192 8041.457702234180033 8547.5890198921406409
267000 0.82372724821372100834 321.44120279410202556 -485.24274374364699725 2707.6329092118999142 5173.0797508050700344 7880.7126600169704034 7509.1455021981000755
268000 0.82372724821372100834 323.76507534531901911 647.23670371999696727 2780.0920556239498183 5210.4787461225796505 7990.5708017465303783 8486.1823395552091824
269000 0.82372724821372100834 325.54270392089597408 -211.84006915522999748 2769.3956487422101418 5239.0868222149902067 8008.4824709572003485 7846.2692005414601226
270000 0.82372724821372100834 322.94763125692202266 1487.3730562843500138 2847.2179957401099273 5197.3232967764897694 8044.5412925166001514 9183.4743033972408739
271000 0.82372724821372100834 320.76398818807399493 1276.6722012143800384 2688.2262182979598037 5162.1810696934198859 7850.4072879913801444 8827.9993640971006243
272000 0.82372724821372100834 320.59833746901898621 2285.6296419030700235 2740.705500625500008 5159.5151874947596298 7900.2206881202600925 9650.4063855227595923
273000 0.82372724821372100834 323.53110081979400547 11.927901553981200777 2770.6164068261800821 5206.7133020236997254 7977.3297088498902667 7986.4633157637399563
274000 0.82372724821372100834 326.37878692244402146 375.83959517511402737 2760.8720781528299995 5252.5422349240698168 8013.4143130768998162 8301.2076947926507273
275000 0.82372724821372100834 324.26264312371398546 -403.41242940184400823 2772.3389032793697879 5218.4863001532803537 7990.8252034326496869 7681.9183485558396569
276000 0.82372724821372100834 326.64203299235902023 910.84561206238504383 2802.5568761324998377 5256.7787575040001684 8059.3356336364995514 8756.801633178789416
277000 0.82372724821372100834 320.11078466431200695 305.12644158167302066 2693.4483670167401215 5151.6688083761000598 7845.1171753928501857 8078.7630487946798894
278000 0.82372724821372100834 316.04165488771201353 1280.8368414319500062 2897.3856656957500491 5086.1827018416797728 7983.5683675374302766 8964.3494527503007703
279000 0.82372724821372100834 323.05733620908097237 662.32053084723497705 2702.4166341307200128 5199.0888217360898125 7901.5054558668098252 8408.6672019927900692
280000 0.82372724821372100834 316.65781333438900447 956.46076897220200408 2748.9024547492999773 5096.0987821577200521 7845.0012369070200293 8577.3963403359193762
