Step Density Temperature Pressure KinEng PotEng TotEng

151000 0.82372724821372100834 291.27981062821697833 1745.7056578762299068 2261.6733187163399634 4687.6805993796097027 6949.3539180959596706 8286.101140076190859
152000 0.82372724821372100834 288.76830010531000426 461.54590495097500025 2243.3177168900601828 4647.261872355669766 6890.5795892457299487 7244.0012577131201397
153000 0.82372724821372100834 292.60793906218299298 227.07230790960198874 2283.7543849067001247 4709.0546928327803471 6992.8090777394900215 7166.6862003903197547
154000 0.82372724821372100834 285.54104618679701844 -619.72489048064596773 2198.4280922144198485 4595.3244052498803285 6793.7524974643001769 6319.2077069353899788
155000 0.82372724821372100834 297.54211127870200926 1851.5005708828900879 2213.9224803853699086 4788.462267712369794 7002.3847480977401574 8420.1427953698803321
156000 0.82372724821372100834 294.41074632236097841 644.95254614615805622 2257.9745356861699292 4738.0679794032803329 6996.042515089439803 7489.9049944141697779
157000 0.82372724821372100834 288.01117735643697415 -754.52138122064695835 2272.517753113910203 4635.0771980605895806 6907.5949511745002383 6329.8318238564497733
158000 0.82372724821372100834 293.74153604911299453 -564.64316106199396472 2282.3954974449397923 4727.2981151684698489 7009.6936126133996368 6577.3268080754596667
159000 0.82372724821372100834 294.96254472300802263 428.30327451996498667 2216.4784010436401331 4746.9482881754702248 6963.4266892191099032 7291.3933254022804249
160000 0.82372724821372100834 293.53838915219699857 -1161.223587115159944 2334.2911926946999301 4724.0287922262195934 7058.3199849209304375 6169.1309070425004393
161000 0.82372724821372100834 299.8000537236330274 889.74297218832396084 2301.6857900564300508 4824.8002238885801489 7126.4860139450001952 7807.7929920045899053
162000 0.82372724821372100834 297.03292940807102696 2011.9844704555800945 2197.4650119675197857 4780.267803525650379 6977.7328154931701647 8518.3789372573792207
163000 0.82372724821372100834 291.92861909615902505 1277.3071395795000171 2130.5192460723901604 4698.1221293343696743 6828.6413754067498303 7806.7196457868903963
164000 0.82372724821372100834 297.90279700113501349 -684.42933847186395724 2192.508369271869924 4794.2669249588798266 6986.7752942307497506 6462.6840691630095534
165000 0.82372724821372100834 298.59512768106401381 2288.4037444010100444 2232.9133166745400558 4805.4088749953598381 7038.3221916699003486 8790.6321153363696794
166000 0.82372724821372100834 293.57027852858402639 -1577.9614721649600142 2237.9199689781198686 4724.542000507620287 6962.4619694857401555 5754.1622742928502703
167000 0.82372724821372100834 292.9561485328339927 889.74106330083702687 2295.4601784066398977 4714.658564850449693 7010.1187432570895908 7691.4242596154899729
168000 0.82372724821372100834 287.65304764671299154 -1086.4811540757600596 2335.8350134328002241 4629.3136757322999983 6965.148689165090218 6133.1924782815603976
169000 0.82372724821372100834 291.79694194536301666 -306.76652027870397887 2260.7528764389799107 4696.0029971369203849 6956.7558735759103001 6721.854135170599875
170000 0.82372724821372100834 293.96946542148401704 -1060.4091451727699678 2282.2069050535301358 4730.9662722391103671 7013.1731772926395934 6201.1812056926701189
171000 0.82372724821372100834 295.33361079043601194 -920.67194371233995298 2242.4431377318301202 4752.9200003982195994 6995.3631381300401699 6290.3727764617096909
172000 0.82372724821372100834 287.76852388591402132 -123.40808000728600291 2228.5979612923802051 4631.1720802850395557 6859.7700415774197609 6765.2722049144203993
173000 0.82372724821372100834 287.94391708666199747 195.69432064022299755 2234.1988096147101714 4633.9947520748801253 6868.193561689589842 7018.0434738399399066
174000 0.82372724821372100834 291.49374789410597941 1024.3274611752399323 2309.2799709406399415 4691.1235759753099046 7000.4035469159498462 7784.7665246872802527
175000 0.82372724821372100834 292.11239380978099689 -709.75320990036198054 2170.3436707125902103 4701.079688108659866 6871.4233588212500763 6327.9407692190097805
176000 0.82372724821372100834 291.08817721059898531 -3.0180784269726701474 2227.3124918576399978 4684.5965673898299428 6911.9090592474603909 6909.5980121733000487
177000 0.82372724821372100834 293.45767416806398842 -606.77032420159196136 2191.6239554509002119 4722.729814228469877 6914.3537696793600844 6449.728738765919843
178000 0.82372724821372100834 300.28278275404801434 -26.693917672905499217 2365.4948809326101582 4832.5689721095795903 7198.0638530422002077 7177.6233966960598991
179000 0.82372724821372100834 289.10740375371000255 86.977462824919797413 2289.9304831518597894 4652.7192007930798354 6942.6496839449300751 7009.2513365669101404
180000 0.82372724821372100834 287.49679524132500319 253.18437129635799465 2230.0773136694401728 4626.7990442933196391 6856.8763579627602667 7050.7483910012297201
181000 0.82372724821372100834 297.56539183256700198 -121.26573943771299469 2172.8781577847198605 4788.8369308256897057 6961.7150886104100209 6868.8577162444698843
182000 0.82372724821372100834 292.77246304670399013 352.21295916680202254 2165.5371731368600194 4711.7024420492798527 6877.2396151861403268 7146.9412642513298124
183000 0.82372724821372000914 293.50305472092298942 -259.95370337619800694 2255.9540277962200889 4723.4601413210402825 6979.4141691172599167 6780.3586242928504362
184000 0.82372724821372100834 298.21017340256798889 1633.9972724239401032 2224.7528855233599643 4799.2136543274400537 7023.9665398507995633 8275.1747860870291333
185000 0.82372724821372100834 289.04410230201301601 -1050.1126450803199077 2218.4123486314001639 4651.7004656243298086 6870.1128142557299725 6066.0052290255898697
186000 0.82372724821372100834 291.95422415302897434 34.500033322320803109 2103.6729973268797949 4698.5342015891401388 6802.2071989160203884 6828.6250680990397086
187000 0.82372724821372100834 293.20062159403897795 1533.2179580500198881 2291.2120528473601553 4718.5929660147903633 7009.8050188621500638 8183.8430572144798134
188000 0.82372724821372100834 299.18047913582000774 11.582190547223600419 2229.4670220228999824 4814.8291662691199235 7044.2961882920199059 7053.1650723267403009
189000 0.82372724821372100834 284.74632090399700246 1511.8934580728200672 2250.2150148261598588 4582.5345785812096437 6832.749593407370412 7990.4587243198702708
190000 0.82372724821372100834 290.20274053970200612 -594.96941360095604523 2218.1908760803698897 4670.346886661210192 6888.5377627415800816 6432.9490973752499485
191000 0.82372724821372100834 292.59477893852698571 -680.93098683558605444 2314.4133798384800684 4708.8429017848102376 7023.256281623290306 6501.8438654430701718
192000 0.82372724821372100834 293.9709450267559987 -546.99403371353298553 2260.0004515483301475 4730.9900841089202004 6990.9905356572498931 6572.1382785729201714
193000 0.82372724821372100834 289.94268960898398291 650.90721120794103172 2226.0058012567601509 4666.1617847135403281 6892.1675859703000242 7390.5897583585401662
194000 0.82372724821372100834 297.90335367375200804 1822.8001816300800328 2204.9258074948002104 4794.275883710330163 6999.2016912051303734 8394.9828574204002507
195000 0.82372724821372100834 294.11641613350099078 82.336027124728701665 2183.8085245946199393 4733.3312078668195682 6917.1397324614399622 6980.1872771785501754
196000 0.82372724821372100834 285.86198477415001662 -310.83138559355398911 2247.1367282130700005 4600.4893962126297993 6847.6261244257002545 6609.6117780083695834
197000 0.82372724821372100834 293.53674446355501004 -992.28422713301597469 2254.5773208245800561 4724.0023236047900355 6978.579644429380096 6218.7532796293899082
198000 0.82372724821372100834 295.52146354430198016 -196.46678841005899585 2248.4602529787198364 4755.9431886787197072 7004.4034416574404531 6853.9620242090795728
199000 0.82372724821372100834 297.00145259667999653 785.36231747844999518 2263.8622767386000305 4779.7612348150596517 7043.623511553660137 7645.002610831180391
200000 0.82372724821372100834 290.34318447060098833 571.9248451291599622 2238.8534206149502097 4672.6071061002203351 6911.46052671517009 7349.403168682640171
201000 0.82372724821372100834 292.38605156184701173 -133.16037326545000496 2240.4995576770202206 4705.4837699860299836 6945.9833276630497494 6844.0178226322695991
202000 0.82372724821372100834 294.89677814112701526 400.6511753447110209 2121.611403321220223 4745.8898806967399651 6867.5012840179597333 7174.2937511264899513
203000 0.82372724821372100834 292.34656124921701803 843.75921780477801803 2306.1224305573900892 4704.8482368470204165 7010.9706674044100509 7657.0662937386396152
204000 0.82372724821372100834 296.19333377266201524 -94.980940046101494545 2318.6580307157300922 4766.7558606177499314 7085.4138913334700192 7012.6836992905800798
205000 0.82372724821372100834 297.38496298584897204 423.88532698641000707 2210.0595618012498562 4785.9332184039403728 6995.9927802051897743 7320.5764411051595744
206000 0.82372724821372100834 287.42468282720398065 597.73947294750701076 2177.882124042740088 4625.6385108395297721 6803.5206348822703148 7261.2304305316501996
207000 0.82372724821372100834 292.96295920714197791 -736.60116280891702445 2256.3006962574099816 4714.7681717118102824 6971.0688679692202641 6407.0278719114303385
208000 0.82372724821372100834 288.67019860575300072 -105.29705786658800548 2398.9084323168499395 4645.6830863243003478 7044.5915186411402829 6963.9619182553096834
209000 0.82372724821372100834 289.6639596058039956 -1227.9856217597700834 2186.171358200800114 4661.6760731032700278 6847.847431304069687 5907.5363535957903878
210000 0.82372724821372100834 293.57216419243701466 -452.32877162070201393 2257.6556117123900549 4724.572347237930444 6982.2279589503295938 6635.8641683779196683
211000 0.82372724821372000914 303.30182530354301207 869.82518067291005082 2282.1971450211899537 4881.1556117309401088 7163.3527567521296078 7829.4079927118500564
212000 0.82372724821372100834 292.80529989745701869 -396.8813200997229842 2240.0285665594901729 4712.230898408430221 6952.2594649679103895 6648.3537064538595587
213000 0.82372724821372100834 292.78277449339401528 -1293.9698514475999218 2206.9628945507702156 4711.8683882180002911 6918.8312827687595927 5927.9937973973401313
214000 0.82372724821372100834 294.11875427323900567 131.8859685528560135 2279.7909262480598045 4733.3688364695799464 7013.1597627176397509 7114.1494119668095664
215000 0.82372724821372100834 291.65563992577597219 1245.9157851726199624 2196.1852696114701757 4693.7289681390102487 6889.9142377504804244 7843.9550619504698261
216000 0.82372724821372100834 288.45734765396298371 263.27322414721498944 2254.9100207192400376 4642.2575922088099105 6897.1676129280504028 7098.7650296590700236
217000 0.82372724821372100834 294.05164800774099376 -786.78600237291595931 2287.3107684299097855 4732.2888689353003429 7019.5996373651996691 6417.1303733058603029
218000 0.82372724821372100834 292.0123649909460255 1607.9270249903900094 2171.9747819774502204 4699.4698849698197591 6871.4446669472699796 8102.6900227180203728
219000 0.82372724821372100834 285.9594697211609855 666.57617919478502699 2357.5249531649901655 4602.058259821309548 6959.5832129863001683 7470.003656293360109
220000 0.82372724821372100834 291.38527017867500035 -111.29729568560600228 2319.1593131882000307 4689.3778014192503178 7008.5371146074403441 6923.3129245211002853
221000 0.82372724821372100834 291.21270934311502288 -282.70875340501697792 2242.815607796580025 4686.6007119968098777 6929.4163197933903575 6712.9364458589698188
222000 0.82372724821372100834 286.66272841210400202 -478.69918400588801433 2228.4123467987501499 4613.3760786387802 6841.7884254375303499 6475.2318977107697719
223000 0.82372724821372100834 293.50639790807201734 1878.6333813890200872 2298.1751994380401811 4723.5139445472395892 7021.6891439852897747 8460.2237230312293832
224000 0.82372724821372100834 290.85022950348002269 219.22494165296100732 2250.1970825674998196 4680.7671813162596663 6930.9642638837603954 7098.8323866805203579
225000 0.82372724821372100834 298.77910241828601556 909.21851737161205165 2312.0806785416198181 4808.3696528281798237 7120.4503313697996418 7816.6704082114501944
226000 0.82372724821372100834 293.63939164381901037 833.84832349685905228 2211.1954752769997867 4725.6542650643295929 6936.8497403413302891 7575.3562519965298634
227000 0.82372724821372100834 290.35502770195597577 1420.188882084260058 2216.5878491577300338 4672.7977038822500617 6889.3855530399896452 7976.8733172275196921
228000 0.82372724821372100834 297.27989676398698293 386.39356044402597945 2240.640165473379966 4784.2423463561699464 7024.8825118295499124 7320.7574299087900727
229000 0.82372724821372100834 287.71472433184402462 340.17053049981001323 2341.0702420893899216 4630.3062628934203531 6971.3765049828098199 7231.8568497611895509
230000 0.82372724821372100834 291.37729470301502488 -164.89708407564199888 2214.7047203855199768 4689.2494489514201632 6903.9541693369401401 6777.6867667789902043
231000 0.82372724821372100834 294.6441423971130007 1385.5778812611399644 2242.8502552996901613 4741.8241142662800485 6984.6743695659697551 8045.6592929157495746
232000 0.82372724821372000914 292.09187645697801372 -274.61370189652501494 2131.4289806965598473 4700.7494942772500508 6832.1784749737998936 6621.8972620604699841
233000 0.82372724821372100834 294.01697328163197653 1149.7143287098699602 2219.4408896649401868 4731.7308349249096864 6951.1717245898498732 7831.5477650980201361
234000 0.82372724821372000914 289.85807749875499439 928.10873483644604676 2226.9595231883799897 4664.8000887321395567 6891.7596119205200011 7602.4445818584299559
235000 0.82372724821372000914 293.20936431716199877 -572.67656452858796001 2256.2451409307200265 4718.7336660978999134 6974.9788070286303991 6536.4605475082398698
236000 0.82372724821372100834 294.51999353713301844 629.41748771197603673 2200.904065490350149 4739.8261378150100427 6940.7302033053701962 7422.6969508888896598
237000 0.82372724821372100834 291.11448477793999245 -123.8180432839100007 2227.915589573140096 4685.0199454220100961 6912.9355349951401877 6818.1237752669003385
238000 0.82372724821372100834 298.85420416090897788 -974.83672581745804564 2216.2868264968701624 4809.5782947217303445 7025.8651212185995973 6279.398911842779853
239000 0.82372724821372100834 292.91283362127899181 -1383.02712939526009 2174.6581946274600341 4713.9614809361200969 6888.6196755635701265 5829.5879511710700172
240000 0.82372724821372100834 293.39381758671197531 792.84235188358798041 2224.3938636378697993 4721.7021451397604324 6946.0960087776302316 7553.2028292011900703
241000 0.82372724821372000914 287.36949452419901263 496.4923389596240213 2225.9963306455601924 4624.7503437648801992 6850.7466744104403915 7230.9280365114100277
242000 0.82372724821372100834 295.32840919976399618 79.410057680129199298 2234.7171219050901527 4752.8362891529295666 6987.5534110580201741 7048.3604397356602931
243000 0.82372724821372100834 293.97050774266102735 -54.907814775875600333 2209.58717193891016 4730.9830467239298741 6940.5702186628295749 6898.5254051311203511
244000 0.82372724821372100834 294.24187560893000182 156.24495135890398956 2288.5424284096297924 4735.3502765681796518 7023.8927049778103537 7143.534870159050115
245000 0.82372724821372100834 289.84859065831199132 -243.31502017067100496 2170.204839819190056 4664.6474132762095905 6834.8522530953896421 6648.5375236839599893
246000 0.82372724821372100834 300.74520783216900099 127.74995769594299588 2114.3198062340898105 4840.0109608375396419 6954.3307670716303619 7052.1533297056403171
247000 0.82372724821372000914 288.97242042432702647 -405.27421021975601434 2228.0984320246298012 4650.5468609627896512 6878.6452929874203619 6568.3128081224904236
248000 0.82372724821372100834 299.58232783403599342 1866.7852928845500173 2212.5438635221098593 4821.2962754808695536 7033.8401390029803224 8463.3022267485303018
249000 0.82372724821372100834 293.38678131110901859 803.89782351893904888 2211.2091778049198183 4721.5889075879804295 6932.7980853929102523 7548.3704629563899289
250000 0.82372724821372100834 286.84592742856199266 -196.08949051495901017 2104.1858469415401487 4616.3243724921103421 6720.5102194336495813 6570.3577120377203755
251000 0.82372724821372100834 291.19864881182201088 936.47695485533199644 2227.0258699739001713 4686.3744303344501532 6913.4003003083498697 7630.493105847120205
252000 0.82372724821372100834 290.38142434184800322 -563.89494740748000368 2195.7162253261499245 4673.222515394059883 6868.9387407202102622 6437.1448692650001249
253000 0.82372724821372100834 292.9480322093180007 -349.86518543347699506 2277.3724524625999948 4714.527945662660386 6991.900398125259926 6723.9965206384003977
254000 0.82372724821372100834 293.88369298796197882 -1998.4954304876400784 2199.7019015272198885 4729.5859027184196748 6929.2878042456395633 5398.9707070927297536
255000 0.82372724821372100834 302.24153371442901062 -1150.6223989277900728 2118.6507930193201901 4864.0919220050500371 6982.7427150243702272 6101.671333731969753
256000 0.82372724821372100834 298.9962944143269965 -1027.1957563625001058 2250.8699005445801049 4811.8650090768096561 7062.7349096213902158 6276.1755789849003122
257000 0.82372724821372100834 295.0508070339209894 -1834.9694353193699499 2235.2177075024401347 4748.3687282726696139 6983.5864357751097486 5578.4868509654197624
258000 0.82372724821372100834 288.58679313888598017 107.89495718661399337 2164.4119044266099081 4644.3408093292900958 6808.7527137559000039 6891.3716155358997639
259000 0.82372724821372100834 293.3664780769159961 -1199.9003813568199348 2192.8333597474402268 4721.2621596516100908 6914.0955193990503176 5995.290281989739924
260000 0.82372724821372100834 288.37618632483298597 -152.26552888560598831 2153.5519312838500809 4640.9514310053800727 6794.5033622892296989 6677.908378580000317
261000 0.82372724821372000914 290.87995635993098631 -452.36737338706598166 2134.421222503539866 4681.245587313460419 6815.666809817000285 6469.2734605365003517
262000 0.82372724821372100834 287.74065840734101585 1225.1714751124900431 2262.1888802008202219 4630.7236301743996592 6892.9125103752203358 7831.0686986289001652
263000 0.82372724821372100834 293.47006598172799841 -1559.1360583952200614 2249.2159552469202026 4722.9292405614396557 6972.1451958083598583 5778.2607712802600872
264000 0.82372724821372100834 288.55523624105501312 -1083.1199099509899497 2151.6688888373000736 4643.8329517561296598 6795.501840593419729 5966.1194506320598521
265000 0.82372724821372100834 293.83984865906802497 1485.6221166236900899 2190.0773921416798657 4728.8802986825503467 6918.9576908242297577 8056.5499466258797838
266000 0.82372724821372100834 296.45406937976497375 806.72699667248696187 2234.5818354821599314 4770.951981331870229 7005.5338168140297057 7623.2725901478697779
267000 0.82372724821372100834 296.73679651937800372 93.117574789674407043 2103.5143148332899727 4775.5020204314696457 6879.0163352647696229 6950.3196840601503936
268000 0.82372724821372100834 292.31323412752999502 -533.26799939174895826 2196.3361867901799087 4704.3118903648201012 6900.6480771549995552 6492.3063194585201927
269000 0.82372724821372100834 288.40822435255597611 946.00023279442700641 2117.8819169769799373 4641.467031591219893 6759.3489485682002851 7483.7340575212401745
270000 0.82372724821372100834 295.02900758631500366 -408.59957970553102768 2155.7048876712901802 4748.0179011851396353 6903.7227888564302702 6590.8439535216402874
271000 0.82372724821372100834 287.3465005187870247 -1003.5116851143000076 2217.6056523869201555 4624.3802921885599062 6841.9859445754800618 6073.5623267399196266
272000 0.82372724821372100834 289.61114424178799709 -2018.0208138879499984 2140.5298632542298947 4660.8260946694299491 6801.3559579236598438 5256.0875991415796307
273000 0.82372724821372000914 293.51369965456098043 435.1033099881900057 2212.4887229413598106 4723.6314544264496362 6936.1201773678103564 7269.2938359837198732
274000 0.82372724821372100834 290.80970981056901792 -1058.409716589970003 2132.6484972114299126 4680.1150819553804467 6812.7635791668099046 6002.3026392110095912
275000 0.82372724821372100834 294.47196732468000846 -295.51406218116102309 2120.7078758621901216 4739.053233081610415 6859.761108943799627 6633.4757670280596358
276000 0.82372724821372100834 297.2347948943329925 84.251729311505499709 2241.3317882755900428 4783.5165042220396572 7024.8482924976296999 7089.3627566606101027
277000 0.82372724821372100834 291.95058225375902339 -420.17058896076497376 2201.0563185155601786 4698.4755910712401601 6899.5319095867898795 6577.7927521194296787
278000 0.82372724821372000914 287.05451968193801804 -454.70362207671900023 2155.1532523301098081 4619.6813296983800683 6774.8345820285003356 6426.6522862943702421
279000 0.82372724821372100834 294.70493465957099488 -473.30286804490202712 2185.6070023715801653 4742.8024680653397809 6928.4094704369199462 6565.9850885488503991
280000 0.82372724821372100834 293.86110937395602605 -1525.0471700411799247 2100.4598213679200853 4729.2224557324698253 6829.6822771003899106 5661.9008938278802816
