Step Density Temperature Pressure KinEng PotEng TotEng

151000 0.82372724821372100834 376.84756723582398763 1674.699350837169959 4228.8758913391902752 6064.7561739510801999 10293.632065290299579 11576.007301220399313
152000 0.82372724821372100834 382.18895325919197603 1859.8039895041899854 4196.9706550461596635 6150.7172008466095576 10347.687855892800144 11771.804118093599755
153000 0.82372724821372100834 381.03056702910600961 2188.0810407923599996 4075.2399824438098221 6132.0748354672596179 10207.314817911099453 11882.804176354900846
154000 0.82372724821372100834 385.04034503277301837 736.50225075793105134 4129.4706176113204492 6196.6057705673101736 10326.07638817860061 10890.04164385670083
155000 0.82372724821372100834 383.33921867308902165 2586.8849504238000918 4040.6623294761297984 6169.2288747358297769 10209.891204211999138 12190.758514494000337
156000 0.82372724821372100834 385.6694445294889988 4338.2479487247101133 4274.1626715418697131 6206.7301162934199965 10480.892787835300624 13802.839341399299883
157000 0.82372724821372100834 374.88647905239201918 594.31929216023502249 4142.0568996619504105 6033.1956102054500661 10175.252509867399567 10630.343354753000312
158000 0.82372724821372100834 376.09793807362200369 1449.8784268541799065 4068.5794928069399248 6052.6920968947097208 10121.271589701700577 11231.493665549300204
159000 0.82372724821372100834 379.08611260867400006 959.40274245578495993 4032.608731586130034 6100.78196541430043 10133.390697000400905 10868.038571315200898
160000 0.82372724821372100834 384.90630665453898018 -207.57917347795000751 4082.1334746909801652 6194.4486382076702284 10276.582112898600826 10117.631557725899256
161000 0.82372724821372100834 383.40805609503200913 1925.9680663813398951 3916.5230320808400393 6170.3367024519202459 10086.859734532799848 11561.640119612100534
162000 0.82372724821372100834 382.09222950478397252 602.74340353985894581 4051.8946915899800842 6149.1605874100096116 10201.055279000000155 10662.596757435099789
163000 0.82372724821372100834 384.86113156458600315 1435.9158249064100801 3956.620428925590204 6193.7216177104601229 10150.342046636000305 11249.872475079699143
164000 0.82372724821372100834 380.56816691470402247 1271.9423309011499441 4003.7603624471998955 6124.6332484902495708 10128.393610937500853 11102.36386169529942
165000 0.82372724821372100834 387.76428433020197417 2571.6196055343298212 3959.4910185367398299 6240.4431974418703248 10199.934215978599241 12169.112323512499643
166000 0.82372724821372100834 381.4798172548090065 1988.9369068060500467 4148.2910457240395772 6139.304796111469841 10287.595841835500323 11810.593646689600064
167000 0.82372724821372100834 384.73035133995000479 -48.338373609876597925 3976.1507386621401565 6191.6169200986196302 10167.767658760800259 10130.753293626199593
168000 0.82372724821372100834 385.36904401906798512 2466.0331010897298256 4090.718097465899973 6201.8956526836500416 10292.613750149599582 12180.940618038299363
169000 0.82372724821372100834 379.92432180675001518 576.22599370670502594 4075.854573793380041 6114.2715958406897698 10190.126169634100734 10631.362349883000206
170000 0.82372724821372100834 385.43874366091699812 2552.852667171180201 4010.4419717641499119 6203.0173564439501206 10213.459328208100487 12168.266941719199167
171000 0.82372724821372100834 375.22975674419700454 310.87723296179001409 4043.0637360904102025 6038.7201131656802318 10081.783849256100439 10319.833302589600862
172000 0.82372724821372100834 377.40119648666097874 1979.1407784512000489 3881.0051952386402263 6073.665947315739686 9954.6711425543799123 11470.167712990500149
173000 0.82372724821372100834 383.02437347523897415 1578.2102920810400519 4018.2332962767000026 6164.1619470878604261 10182.395243364600901 11390.885468576099811
174000 0.82372724821372100834 380.7524687348170005 1706.0427790912999626 3975.5540742540301835 6127.5992901967301805 10103.153364450799927 11409.529347847699682
175000 0.82372724821372100834 389.26502790678500787 2478.6724742105898258 4167.7760790632200951 6264.5952543023104226 10432.371333365499595 12330.376606563100722
176000 0.82372724821372100834 376.722887307849021 672.7336211544110256 4119.0552425376799874 6062.7496508136100601 10181.804893351300052 10696.940303008399496
177000 0.82372724821372100834 383.26774232666099351 1886.0364259185200808 4051.558399718579949 6168.0785777696901278 10219.636977488300545 11663.84032386870058
178000 0.82372724821372100834 375.42799381602202402 780.20716679273095906 3950.0458343660798164 6041.9104203609203978 9991.9562547269997594 10589.387876761200459
179000 0.82372724821372100834 377.9721271857089846 2765.4525874272999317 4044.9412885315600761 6082.8541596938703151 10127.795448225400833 12245.398176430400781
180000 0.82372724821372100834 380.06717473764399529 624.81765448164799182 4069.9457229108497813 6116.5705842644701988 10186.516307175299517 10664.960803304600631
181000 0.82372724821372100834 385.23321183620402053 126.5772258336569962 3850.0464676570800293 6199.7096519202896161 10049.756119577399659 10146.680680849000055
182000 0.82372724821372100834 386.55877602143999638 1789.8721929484700013 4002.4163845383100124 6221.042477909720219 10223.458862448000218 11594.025928452900189
183000 0.82372724821372100834 381.90906700190600986 1219.0078435851798986 4000.4809360392300732 6146.2128811840802882 10146.693817223300357 11080.130299560800267
184000 0.82372724821372100834 383.07070632276901279 2190.0661870722701678 4000.1087594068198996 6164.9075998332700692 10165.016359240100428 11842.025812874600888
185000 0.82372724821372100834 372.76570136557000978 2196.5370205806898412 4029.8516130720799993 5999.0651004503297372 10028.916713522399732 11710.88110825900003
186000 0.82372724821372100834 388.56626117001502507 2046.975992957050039 4000.6447333998598879 6253.3497262707496702 10253.994459670599099 11821.434800887400343
187000 0.82372724821372100834 378.02700671155599821 847.41635197924995282 4199.240421330369827 6083.7373574962302882 10282.977778826600115 10931.873799331600821
188000 0.82372724821372100834 375.62939687415797607 1340.8783536553000886 4013.7817314919298042 6045.1516790195300928 10058.93341051149946 11085.690359012600311
189000 0.82372724821372100834 384.78558338314400089 547.87104735161301505 4002.6986150032098521 6192.5057911013400371 10195.204406104499867 10614.728222875399297
190000 0.82372724821372100834 378.95223189416998366 -562.94637293551602397 3929.084935071489781 6098.6273703990900685 10027.712305470600768 9596.6447903083299025
191000 0.82372724821372100834 381.94193812910202723 1927.6175859362399478 4090.8863744685500023 6146.7418891675197301 10237.628263636099291 11713.671742910399189
192000 0.82372724821372100834 386.74732108267301101 1951.6509387497299031 4067.0660426496401669 6224.0768077650700434 10291.142850414700661 11785.58949946930079
193000 0.82372724821372100834 378.77101221002402553 753.77060405016902678 4037.3254209159599668 6095.7109307194496068 10133.036351635399114 10710.224582897899381
194000 0.82372724821372100834 378.85837913276299105 373.82761572652498216 3917.1935132331300338 6097.1169609824601139 10014.310474215599243 10300.563213654999345
195000 0.82372724821372100834 382.58331433564200097 2243.2441250001397748 3982.8565813957798127 6157.0638088152199998 10139.920390211000267 11857.650030822600456
196000 0.82372724821372100834 394.27001251089501466 575.51751975560796382 4134.9704426307498579 6345.1424407972499466 10480.112883428000714 10920.806560659999377
197000 0.82372724821372100834 379.43996464895002418 -177.81130006146298683 3977.9266921484500017 6106.4766455250701256 10084.403337673500573 9948.247073115719104
198000 0.82372724821372100834 383.93291535887198052 1374.7575636661899807 4122.6624373489003119 6178.7834690959998625 10301.445906444900174 11354.145338239599369
199000 0.82372724821372100834 379.15447850755901982 1619.270663921500045 4046.1546635821700875 6101.8822047243002089 10148.036868306500764 11387.968440885799282
200000 0.82372724821372100834 383.34627392472100382 297.73914545389698105 3940.8598682931801704 6169.3424176763101059 10110.202285969500736 10338.191451132899601
201000 0.82372724821372100834 382.64362951509201594 1455.6675409072799994 4044.0706205886899625 6158.0344847297001252 10202.105105318400092 11316.760106094299772
202000 0.82372724821372100834 383.28753445249401466 1538.2646859157000563 4111.4510589023102511 6168.3971002381304061 10279.84815914039973 11457.750651631500659
203000 0.82372724821372100834 373.66494234762700444 2367.5521583422901131 4033.4972338038601265 6013.5369393898899943 10047.034173193700553 11859.950775874400279
204000 0.82372724821372100834 388.72630978203801533 1243.193267237370037 3997.7700219838598059 6255.9254515567499766 10253.695473540599778 11205.651571561100354
205000 0.82372724821372100834 384.16821076406000657 832.24802347068703057 3960.930339079839996 6182.5701706310201189 10143.500509710900587 10780.781616267200661
206000 0.82372724821372100834 382.60977302707402714 1714.5897940107099657 3987.554734314489906 6157.4896189468699959 10145.044353261400829 11457.965081700700466
207000 0.82372724821372100834 378.68071764510102639 2077.3523502638199716 4027.6838859075201071 6094.2577847588499935 10121.941670666399659 11712.642239665799934
208000 0.82372724821372100834 380.15327749411898139 1112.0405217831300888 3974.8880711025099117 6117.9562698024201381 10092.844340904899582 10944.372243971600255
209000 0.82372724821372100834 381.71057218580500603 1877.0289268384699426 3895.6767807147498388 6143.0184260088099109 10038.695206723599767 11476.001199407599415
210000 0.82372724821372100834 389.5181170750399815 2304.1425182575699182 4123.449587892640011 6268.6683178674902592 10392.117905760100257 12156.479553115099407
211000 0.82372724821372100834 383.10902709549299061 2149.863605108540014 4032.4695888642299906 6165.5243111064201003 10197.993899970599159 11844.218845624700407
212000 0.82372724821372100834 389.05049765233599146 873.14651277364805537 4060.9762656424300076 6261.1427345084002809 10322.119000150800275 10990.717495015000168
213000 0.82372724821372100834 380.76430884833297341 1546.3992537895699115 4021.8530245555598412 6127.7898378021500321 10149.642862357699414 11333.774274917999719
214000 0.82372724821372100834 373.40803256876802152 2014.0864597011200203 4014.5720129194901347 6009.4023892350096503 10023.97440215449933 11566.230089810800564
215000 0.82372724821372100834 386.05784466311399683 1192.9728761233500336 3952.0896333263399356 6212.9807924637498218 10165.070425790099762 11078.571032757099601
216000 0.82372724821372100834 390.07973430362102363 1550.3103438762900623 3975.7802916680598173 6277.706644900919855 10253.486936568999226 11440.613206128700767
217000 0.82372724821372100834 380.84291932690399562 2383.5610674695799389 3958.2806034096201984 6129.0549471638596515 10087.335550573499859 11912.510728865800047
218000 0.82372724821372100834 384.3735465731439831 1196.7664844388700658 4004.4898559164398648 6185.8747205980198487 10190.364576514499277 11106.770080623900867
219000 0.82372724821372100834 384.68806255742998701 -173.6527980313020123 3956.2629853396601902 6190.9363500825802475 10147.199335422199511 10014.227379749099782
220000 0.82372724821372100834 383.94910416358197836 -321.92225026500199192 3995.8290794896702209 6179.0440018998397136 10174.87308138949993 9928.3660761599494435
221000 0.82372724821372100834 381.37062636169497409 465.25995659585197473 3941.8089385238199611 6137.5475441063299513 10079.3564826301008 10435.622128944600263
222000 0.82372724821372100834 388.30260436840700322 1329.1260720437001055 4019.3021633576299791 6249.1065936240702285 10268.408756981700208 11286.166576835099477
223000 0.82372724821372100834 377.34466869744301221 3365.9117096848099209 4001.9744921992901254 6072.756223362430319 10074.730715561699981 12652.125768989999415
224000 0.82372724821372100834 376.84663274689398804 2532.2920664905700505 4095.5212626599100076 6064.7411348530404211 10160.262397512900861 12099.326047705799283
225000 0.82372724821372100834 382.02475609461697559 894.44895023120898259 3897.6575735857200016 6148.0747112721101075 10045.732284857800551 10730.642793127199184
226000 0.82372724821372100834 389.63203223340099157 1486.8557892764299595 4027.989536732509805 6270.5015993320503185 10298.491136064600141 11437.028057700299541
227000 0.82372724821372100834 385.48609385639599623 1216.1504310899199481 3877.4202600350099601 6203.7793817701904118 10081.199641805200372 11012.448104531300487
228000 0.82372724821372100834 384.07998754287797283 1519.6805421104900233 3951.1728599103598754 6181.1503596202301196 10132.323219530600909 11295.995190116400408
229000 0.82372724821372100834 386.6282879572970046 1213.2106235901098898 3938.5311721634398054 6222.1611608436196548 10160.692333007100387 11089.689683415999752
230000 0.82372724821372100834 389.12330156400798842 1387.4346679573900474 4048.5508920268098336 6262.3143965043600474 10310.865288531200349 11373.272017697299816
231000 0.82372724821372100834 380.76234520892597857 1800.547670839310058 3977.8634105032301704 6127.7582361805598339 10105.621646683799554 11484.363295470999219
232000 0.82372724821372100834 380.26409183334601494 1680.12703752343009 4031.2494114384799104 6119.7396485645904249 10150.989060003099439 11437.520463421700697
233000 0.82372724821372100834 387.01991558005300931 1584.0809431688799123 4005.3240976778502045 6228.4637782664203769 10233.78787594429923 11446.773461812699679
234000 0.82372724821372100834 382.3312033436760089 1084.8512660259900713 3906.886550588620139 6153.006487425929663 10059.893038014499325 10890.601187225800459
235000 0.82372724821372100834 377.98641761394202376 -37.366014010070699669 3958.318937871199978 6083.0841411781502757 10041.403079049399821 10012.790629293500388
236000 0.82372724821372100834 381.39954215726402253 2313.483670610919944 3955.793468818600104 6138.0128973816299549 10093.8063662002005 11865.320857107100892
237000 0.82372724821372100834 387.08074293543899103 710.98718418423504772 3897.1464058731799014 6229.4426968297902931 10126.589102702999298 10671.016589108699918
238000 0.82372724821372100834 380.70850457573902759 1397.6395509127200967 4067.0393641770801878 6126.8917576865496812 10193.931121863599401 11264.152082987800895
239000 0.82372724821372100834 381.8172996579820051 2136.3829437331701229 3993.0981145584801197 6144.7360332115304118 10137.834147769999618 11773.73648459099968
240000 0.82372724821372100834 381.88286405320201311 681.3064238009900464 3891.0810006174301634 6145.7911868207802399 10036.872187438200854 10558.572088692599209
241000 0.82372724821372100834 381.40824492697799997 470.49013516460900064 4077.1753399361900847 6138.1529544788400017 10215.328294414999618 10575.59886941879995
242000 0.82372724821372100834 384.1796728373519727 2961.7761803171802057 3926.7406095098799597 6182.7546342863697646 10109.495243796300201 12377.429739685299865
243000 0.82372724821372100834 380.18606014385500202 996.70185555868704341 4097.4626481920204242 6118.4838538832800623 10215.946502075299577 10979.155597806500737
244000 0.82372724821372100834 381.36450103929001898 1964.9030015647399523 3983.8991495670497898 6137.4489668828000504 10121.348116449800727 11625.942328510600419
245000 0.82372724821372100834 384.42147978918302442 1378.2721397139100645 4060.9191824147801526 6186.6461287035399437 10247.565311118300087 11302.955975393699191
246000 0.82372724821372100834 383.75099141624997401 3072.1629512158401667 3980.3173195695999311 6175.8556955076001032 10156.173015077200034 12508.634480720000283
247000 0.82372724821372100834 389.02117039701801104 1291.7351633623100042 3933.5220715151999684 6260.6707594494600926 10194.192830964699169 11183.319138351100264
248000 0.82372724821372100834 387.23011388218799311 1291.1362830933198893 3984.9932594279098339 6231.8465822472999207 10216.83984167520066 11205.507565718999103
249000 0.82372724821372100834 382.65308312141098668 2451.2030920628899366 3918.6613544893698418 6158.1866253358102767 10076.847979825199218 11953.818996697900729
250000 0.82372724821372100834 388.44855405038697427 2416.452074020479813 4045.8083581601099468 6251.4554192815303395 10297.263777441599814 12147.624737447300504
251000 0.82372724821372100834 386.01221710035099477 1459.6055422910699235 3945.5351810520401159 6212.2464901435896536 10157.781671195600211 11275.452135882200309
252000 0.82372724821372100834 379.43412313239002742 1327.1404355008899074 4136.3994850127501195 6106.3826357006701073 10242.782120713400218 11259.019469964900054
253000 0.82372724821372100834 384.3443656724790003 556.57557922293699448 3940.9190032130200052 6185.4051008820997595 10126.324104095099756 10552.513282088299093
254000 0.82372724821372100834 388.30543601062902326 732.82748396090505594 3934.9734509217701088 6249.1521643564801707 10184.125615278300756 10745.276974876400345
255000 0.82372724821372100834 383.8453381580640098 1096.4564653962399916 3925.7872950143901107 6177.3740547452798637 10103.161349759700897 10942.756001657500747
256000 0.82372724821372100834 385.29589328036001916 684.79064323304999107 3987.3876698387598481 6200.7184090637301779 10188.106078902499576 10712.473967526699198
257000 0.82372724821372100834 379.4887802490490003 690.01124400488902211 3941.9515857761298321 6107.2622541844402804 10049.213839960599216 10577.579323223499159
258000 0.82372724821372100834 377.66509299696298285 2726.9957136025600448 4089.5070711151302021 6077.9129376887403851 10167.420008803899691 12255.574978150199968
259000 0.82372724821372100834 383.53173961364598199 2113.9410911769400627 3982.2501906481597871 6172.3271899814999415 10154.577380629700201 11773.295214481700896
260000 0.82372724821372100834 381.49149100576801175 2844.3503980284399404 3973.1446339838198583 6139.4926663787900907 10112.63730036259949 12290.654811933500241
261000 0.82372724821372100834 383.52187256695401629 -1.966405339866809987 4021.9253906326798642 6172.1683957167997505 10194.093786349500078 10192.588041745000737
262000 0.82372724821372100834 379.97722605609101265 1228.8629153404599492 3906.2550208368897984 6115.1230047410299449 10021.378025577900189 10962.360877334400357
263000 0.82372724821372100834 380.80002590824398112 1380.1707836002899512 3942.606376907720005 6128.3646465005203936 10070.971023408199471 11127.815544998700716
264000 0.82372724821372100834 389.15272321073598505 1714.6592056290301116 4048.5575821417000952 6262.7878906413898221 10311.345472783099467 11624.319352100099422
265000 0.82372724821372100834 380.85250901626801578 3141.7496156767801949 4006.8229890171901388 6129.2092778079595519 10136.032266825099214 12541.778649077599766
266000 0.82372724821372100834 379.4069460587239746 1180.2199468965700362 4011.3159502321400396 6105.9452643610802625 10117.261214593199838 11020.9964624121003
267000 0.82372724821372100834 384.42666940368599171 1388.3411922501300069 4022.4901951206397825 6186.7296472116504447 10209.219842332300686 11272.3207285141998
268000 0.82372724821372100834 378.32646362691002651 812.26741112056902239 4056.994554090820202 6088.5566354593302094 10145.551189550100389 10767.532449919899591
269000 0.82372724821372100834 382.38755340400001614 2164.5140700097499575 3883.5678465186101675 6153.9133511182199072 10037.481197636800061 11694.924511157800225
270000 0.82372724821372100834 393.68806582293797192 848.97724062278803103 3955.5480867840401515 6335.7769437752403974 10291.325030559299194 10941.416277503800302
271000 0.82372724821372100834 376.17022021980801583 1330.4354188101399359 4020.4381868691798445 6053.855361913409979 10074.293548782599828 11093.053980757200407
272000 0.82372724821372100834 392.33362409004701021 2714.5184850158998415 3912.2564979088501786 6313.9793800492398077 10226.2358779581009 12304.836601675400743
273000 0.82372724821372100834 384.86672640577097582 752.94374887338403823 4028.5708279006098564 6193.8116576909997093 10222.382485591599107 10798.937565236799855
274000 0.82372724821372100834 383.15562251931100946 2036.5078200594300597 3972.5033227495700885 6166.2741895953604399 10138.777512344899151 11698.202011385199512
275000 0.82372724821372100834 381.19053545220799606 447.24838947165301306 3896.4430915863699738 6134.6492702413997904 10031.092361827799323 10373.565928012299992
276000 0.82372724821372100834 385.76843516674699686 129.1651525516300012 3972.4688707780301229 6208.3232115676801186 10180.792082345700692 10279.698308645100042
277000 0.82372724821372100834 384.19817715407600645 691.54682351667895546 4021.0395713953598715 6183.052431536109907 10204.092002931500247 10733.633332556199093
278000 0.82372724821372100834 387.45269668533597951 1758.8374095807200774 3954.9171364817098038 6235.4286948757799109 10190.345831357499264 11537.14848996389992
279000 0.82372724821372100834 382.85867757020497493 3226.6120385118501872 4009.7791941746099837 6161.4953376934399785 10171.274531868000849 12642.00300744390006
280000 0.82372724821372100834 387.84997653184700539 532.08526138657896354 3945.9027055297201514 6241.8222757593903225 10187.724981289100469 10595.161075573400012
