Step Density Temperature Pressure KinEng PotEng TotEng

251000 0.82372724821372100834 281.00886579971000856 -168.25926016932999119 2059.1099177330002021 4522.3862430490198676 6581.4961607820096106 6452.6542236610503096
252000 0.82372724821372100834 278.91393022542899871 -391.90089944437102076 1972.8273339949600995 4488.6716205788698062 6461.4989545738299057 6161.4068764733701755
253000 0.82372724821372100834 280.61559629024100104 -438.64858016462198975 2042.5105539976000273 4516.0572020973404506 6558.5677560949397957 6222.6793614419802907
254000 0.82372724821372100834 285.19052733197401039 68.844237085785493946 2024.5449529777799853 4589.6833674040899496 6614.2283203818697075 6666.9447346631495748
255000 0.82372724821372100834 277.49436690421401863 -1395.6421550731399748 2010.8083537660700131 4465.8260295092395609 6476.6343832753200331 5407.9428972534497007
256000 0.82372724821372100834 284.68900314537097529 -276.48235296940498529 2071.8468905144700329 4581.6121413393902913 6653.4590318538603242 6441.7469281604799107
257000 0.82372724821372100834 279.64681942934998915 -492.61948872341798733 2069.3077296575697801 4500.4662949001103698 6569.7740245576796951 6192.5582378794897522
258000 0.82372724821372100834 286.93235593536797978 -1363.3432286609499897 2098.7850596965699879 4617.71530045829968 6716.5003601548596635 5672.5412795987504069
259000 0.82372724821372100834 285.36928080415202658 589.67927346754299833 2093.335040090179973 4592.5601173641798596 6685.8951574543598326 7137.4329794867499004
260000 0.82372724821372100834 283.83822919388398986 2110.8042178478199276 2049.6225155860402083 4567.9203013926398853 6617.5428169786800936 8233.858638389780026
261000 0.82372724821372100834 282.39722663238899258 -823.69495077996396049 2068.0407457498199619 4544.7296801937000055 6612.7704259435204222 5982.0387030746196615
262000 0.82372724821372100834 283.54823956221497383 548.60865004445099657 2044.9851214461300515 4563.2533841508902697 6608.2385055970298708 7028.3271302701095919
263000 0.82372724821372100834 283.84048403430301732 801.64277023495799313 2006.607194620070004 4567.9565894266897885 6574.5637840467597925 7188.4093892880200656
264000 0.82372724821372100834 286.3133151368090239 -20.354581515422598414 2040.3321630645900768 4607.7528333193204162 6648.0849963839100383 6632.4987890685197272
265000 0.82372724821372100834 280.57802369115199781 -126.42322809577099463 1974.287210166909972 4515.452531476889817 6489.7397416437897846 6392.9331017682097809
266000 0.82372724821372100834 287.29602653915497967 -319.7900592489149858 1979.8368773010399764 4623.5679945748597675 6603.4048718759004259 6358.5305590791303985
267000 0.82372724821372100834 281.70320175078200009 -139.2528790271150001 2047.0859051464899494 4533.5604647030104388 6580.6463698494999335 6474.0156223621497702
268000 0.82372724821372100834 284.43509748150597716 -2411.8137206312699163 2021.9718761131800875 4577.5259375891100717 6599.4978137022899318 4752.6886013692901543
269000 0.82372724821372100834 281.6013556164339775 -20.627917313799699173 1937.4603514054199422 4531.9214147905704522 6469.381766195990167 6453.5862562026195519
270000 0.82372724821372100834 284.18358391483201331 46.533616657527097971 1970.1346228646800682 4573.4782308001103956 6543.6128536647902365 6579.2452539580399389
271000 0.82372724821372100834 278.41987105154197479 -752.39760342860097353 2049.9772756296401894 4480.7205319010099629 6530.6978075306396931 5954.5609303486398858
272000 0.82372724821372100834 282.03991708605997246 -1207.2268786705799357 1956.9524315645699062 4538.9793570776400884 6495.9317886422104493 5571.5163987499599898
273000 0.82372724821372100834 281.74819425041198429 1719.6978907958800846 1960.6725858183799573 4534.2845467023098536 6494.9571325206898109 7811.7893074036501275
274000 0.82372724821372100834 284.09478619269202682 -1298.3724543544299195 2023.5247876079999969 4572.0491741193600319 6595.5739617273602562 5601.3652509843295775
275000 0.82372724821372100834 280.05594583278400478 523.0743406532519657 1971.3077229762300249 4507.0505270854300761 6478.3582500616603284 6878.894370571249965
276000 0.82372724821372100834 284.79177078779400745 936.6811399946769825 1997.8852012052300324 4583.2660214438701587 6581.1512226491004185 7298.4003798136800469
277000 0.82372724821372100834 280.0450292551649909 436.76137141902700023 2094.9071634398101196 4506.8748423065699171 6601.782005746379582 6936.2252993672200319
278000 0.82372724821372100834 284.41460409764897577 63.191323332959100867 1975.6760875702000249 4577.1961294993698175 6552.8722170695600653 6601.2599997049001104
279000 0.82372724821372100834 286.50723357542301528 374.14929757303798397 2028.3081515265100734 4610.8736390510803176 6639.1817905775897088 6925.6808529367399387
280000 0.82372724821372100834 284.72567427216500846 -1199.803820591800104 1920.1489240798500759 4582.2023042115097269 6502.3512282913497984 5583.6199308007298896
