Step Density Temperature Pressure KinEng PotEng TotEng

251000 0.82372724821372100834 357.72868767615000252 -687.07968508836404453 3636.1783312394099994 5757.0685226838395465 9393.2468539232595504 8867.1261667518101603
252000 0.82372724821372100834 361.44198667278601533 697.47793608152198885 3670.1542628065099052 5816.8281044711402501 9486.9823672776492458 10021.065355004100638
253000 0.82372724821372100834 354.62733105308001313 406.78529174575197658 3571.8846248855002159 5707.1571702891596942 9279.0417951746603649 9590.5313674460194306
254000 0.82372724821372100834 361.73906697593997706 2040.9250483596899812 3594.9528376168200339 5821.6091346790099124 9416.5619722958308557 10979.368895877500108
255000 0.82372724821372100834 355.5037978930579925 894.15592417636105438 3586.1959025495898459 5721.2624959995200697 9307.4583985491099156 9992.1445266298505885
256000 0.82372724821372100834 359.09900277632999632 1602.6821683023899823 3535.1316505277500255 5779.1215427551596804 9314.2531932829006109 10541.482380820600156
257000 0.82372724821372100834 361.61857706270200197 681.33716839228497975 3439.8468603293599699 5819.6700430973096445 9259.5169034266691597 9781.240346878350465
258000 0.82372724821372100834 356.63272767681797859 1498.4212889567800175 3553.5021545440199588 5739.4308071982295587 9292.9329617422608862 10440.325986638499671
259000 0.82372724821372100834 353.32734247123397608 -509.07523530048700877 3534.8772737075400983 5686.2359425480699429 9221.1132162556095864 8831.2966950702793838
260000 0.82372724821372100834 357.75199468957902127 1551.4129029002199331 3556.9157864224298464 5757.4436116213400965 9314.3593980437708524 10502.329935195599319
261000 0.82372724821372100834 357.5685168761349928 1823.1162386964299458 3476.4705278818200895 5754.4908309784095763 9230.9613588602296659 10626.984540906500115
262000 0.82372724821372100834 363.27824241114200277 2514.2274368436101213 3456.945041834049789 5846.3796905616000004 9303.3247323956493346 11228.555670649000604
263000 0.82372724821372100834 366.37719758460599451 1574.3752787161699871 3542.6235664984201321 5896.2523954829102877 9438.8759619813299651 10644.429584771600275
264000 0.82372724821372100834 355.99688817712501532 930.16138610452094326 3455.4890193762198578 5729.1979919523000717 9184.6870113285203843 9896.9437673621596332
265000 0.82372724821372100834 359.88114063271700616 1674.5572855146199345 3528.2609872626799188 5791.708795017920238 9319.9697822805901524 10602.236233878000348
266000 0.82372724821372100834 353.0435225595199995 2023.2166056708599626 3449.8772409708599298 5681.6683170370897642 9131.5455580079506035 10680.792514327600657
267000 0.82372724821372100834 361.08901005398797679 -275.93282082233298524 3574.2619162944602067 5811.1475128626798323 9385.409429157140039 9174.1181212420506199
268000 0.82372724821372100834 362.51235464840198119 725.89459218304102706 3572.1848007062599208 5834.0539574496797286 9406.2387581559396494 9962.0813626483995904
269000 0.82372724821372100834 360.70575548713799208 1276.0704055364699343 3451.0988450860400008 5804.9796463230295558 9256.0784914090600068 10233.20975174259911
270000 0.82372724821372100834 359.07481312414802233 328.78892186336099712 3509.2666584479998164 5778.7322491649401854 9287.9989076129295427 9539.763960865620902
271000 0.82372724821372100834 359.8956465462720189 768.027359521624021 3473.4632254702100909 5791.9422443922603634 9265.4054698624604498 9853.5105920594905911
272000 0.82372724821372100834 357.71815137775899984 1069.7833714717498879 3549.9533321344001706 5756.898957888230143 9306.8522900226307684 10126.022431039000367
273000 0.82372724821372100834 354.55772740472497162 1454.9184780646598938 3440.0770035066898345 5706.0370113899298303 9146.1140148966205743 10260.195432337099191
274000 0.82372724821372100834 357.6551409894959761 988.30527282340494821 3579.7060183966200384 5755.8849069178595528 9335.5909253144800459 10092.37046713160089
275000 0.82372724821372100834 363.81367045990202769 749.80874468868603344 3445.5393184155500421 5854.996544819779956 9300.5358632353400026 9874.6903617081497941
276000 0.82372724821372100834 357.09077656348699747 1683.3064072186200519 3613.912909232290076 5746.8023681552804192 9360.7152773875804996 10649.681234184899949
277000 0.82372724821372100834 352.99412433466301309 692.8648213731900114 3418.496049636889893 5680.8733319682396541 9099.3693816051199974 9629.919947790029255
278000 0.82372724821372100834 359.88647385153200275 1263.1848633621700628 3513.6836941327001114 5791.7946246067003813 9305.4783187394004926 10272.742673602699142
279000 0.82372724821372100834 360.86907189297602372 479.76434900061900635 3368.2127825081402079 5807.6079615006401582 9175.8207440087808209 9543.1929054256906966
280000 0.82372724821372100834 355.38267221086897507 -481.02862847652698974 3542.9067690944798414 5719.3131727379495715 9262.2199418324307771 8893.8796778779505985
