Step Density Temperature Pressure KinEng PotEng TotEng

251000 0.82372724821372100834 386.01221710035099477 1459.6055422910699235 3945.5351810520401159 6212.2464901435896536 10157.781671195600211 11275.452135882200309
252000 0.82372724821372100834 379.43412313239002742 1327.1404355008899074 4136.3994850127501195 6106.3826357006701073 10242.782120713400218 11259.019469964900054
253000 0.82372724821372100834 384.3443656724790003 556.57557922293699448 3940.9190032130200052 6185.4051008820997595 10126.324104095099756 10552.513282088299093
254000 0.82372724821372100834 388.30543601062902326 732.82748396090505594 3934.9734509217701088 6249.1521643564801707 10184.125615278300756 10745.276974876400345
255000 0.82372724821372100834 383.8453381580640098 1096.4564653962399916 3925.7872950143901107 6177.3740547452798637 10103.161349759700897 10942.756001657500747
256000 0.82372724821372100834 385.29589328036001916 684.79064323304999107 3987.3876698387598481 6200.7184090637301779 10188.106078902499576 10712.473967526699198
257000 0.82372724821372100834 379.4887802490490003 690.01124400488902211 3941.9515857761298321 6107.2622541844402804 10049.213839960599216 10577.579323223499159
258000 0.82372724821372100834 377.66509299696298285 2726.9957136025600448 4089.5070711151302021 6077.9129376887403851 10167.420008803899691 12255.574978150199968
259000 0.82372724821372100834 383.53173961364598199 2113.9410911769400627 3982.2501906481597871 6172.3271899814999415 10154.577380629700201 11773.295214481700896
260000 0.82372724821372100834 381.49149100576801175 2844.3503980284399404 3973.1446339838198583 6139.4926663787900907 10112.63730036259949 12290.654811933500241
261000 0.82372724821372100834 383.52187256695401629 -1.966405339866809987 4021.9253906326798642 6172.1683957167997505 10194.093786349500078 10192.588041745000737
262000 0.82372724821372100834 379.97722605609101265 1228.8629153404599492 3906.2550208368897984 6115.1230047410299449 10021.378025577900189 10962.360877334400357
263000 0.82372724821372100834 380.80002590824398112 1380.1707836002899512 3942.606376907720005 6128.3646465005203936 10070.971023408199471 11127.815544998700716
264000 0.82372724821372100834 389.15272321073598505 1714.6592056290301116 4048.5575821417000952 6262.7878906413898221 10311.345472783099467 11624.319352100099422
265000 0.82372724821372100834 380.85250901626801578 3141.7496156767801949 4006.8229890171901388 6129.2092778079595519 10136.032266825099214 12541.778649077599766
266000 0.82372724821372100834 379.4069460587239746 1180.2199468965700362 4011.3159502321400396 6105.9452643610802625 10117.261214593199838 11020.9964624121003
267000 0.82372724821372100834 384.42666940368599171 1388.3411922501300069 4022.4901951206397825 6186.7296472116504447 10209.219842332300686 11272.3207285141998
268000 0.82372724821372100834 378.32646362691002651 812.26741112056902239 4056.994554090820202 6088.5566354593302094 10145.551189550100389 10767.532449919899591
269000 0.82372724821372100834 382.38755340400001614 2164.5140700097499575 3883.5678465186101675 6153.9133511182199072 10037.481197636800061 11694.924511157800225
270000 0.82372724821372100834 393.68806582293797192 848.97724062278803103 3955.5480867840401515 6335.7769437752403974 10291.325030559299194 10941.416277503800302
271000 0.82372724821372100834 376.17022021980801583 1330.4354188101399359 4020.4381868691798445 6053.855361913409979 10074.293548782599828 11093.053980757200407
272000 0.82372724821372100834 392.33362409004701021 2714.5184850158998415 3912.2564979088501786 6313.9793800492398077 10226.2358779581009 12304.836601675400743
273000 0.82372724821372100834 384.86672640577097582 752.94374887338403823 4028.5708279006098564 6193.8116576909997093 10222.382485591599107 10798.937565236799855
274000 0.82372724821372100834 383.15562251931100946 2036.5078200594300597 3972.5033227495700885 6166.2741895953604399 10138.777512344899151 11698.202011385199512
275000 0.82372724821372100834 381.19053545220799606 447.24838947165301306 3896.4430915863699738 6134.6492702413997904 10031.092361827799323 10373.565928012299992
276000 0.82372724821372100834 385.76843516674699686 129.1651525516300012 3972.4688707780301229 6208.3232115676801186 10180.792082345700692 10279.698308645100042
277000 0.82372724821372100834 384.19817715407600645 691.54682351667895546 4021.0395713953598715 6183.052431536109907 10204.092002931500247 10733.633332556199093
278000 0.82372724821372100834 387.45269668533597951 1758.8374095807200774 3954.9171364817098038 6235.4286948757799109 10190.345831357499264 11537.14848996389992
279000 0.82372724821372100834 382.85867757020497493 3226.6120385118501872 4009.7791941746099837 6161.4953376934399785 10171.274531868000849 12642.00300744390006
280000 0.82372724821372100834 387.84997653184700539 532.08526138657896354 3945.9027055297201514 6241.8222757593903225 10187.724981289100469 10595.161075573400012
