Step Density Temperature Pressure KinEng PotEng TotEng

151000 0.82372724821372100834 307.68441590498497362 1098.0071087469700615 2588.5856303985201521 4951.6863666538301914 7540.271997052340339 8381.0540302146200702
152000 0.82372724821372100834 313.40793316290097437 -164.31376111015399033 2631.9504846097797781 5043.797181860280034 7675.7476664700698166 7549.9269344891999935
153000 0.82372724821372100834 303.12883712286702576 34.891429633890801654 2575.3750042465499064 4878.3716448754003068 7453.7466491219502132 7480.4642240026796571
154000 0.82372724821372100834 309.27225893054901462 95.376926627895997512 2698.5155392305000532 4977.240149216860118 7675.7556884473597165 7748.7891011166802855
155000 0.82372724821372100834 307.21905486088797943 334.14430028417899621 2593.7240837401300269 4944.1971282702297685 7537.9212120103602501 7793.7870638108397543
156000 0.82372724821372100834 307.64408305010999811 -290.10619018285302673 2795.0744107922300827 4951.0372741509499974 7746.1116849431800802 7523.9673377237395471
157000 0.82372724821372100834 304.34530136338202055 866.89751217445598286 2619.1732674390200373 4897.9486825279600453 7517.1219499669796278 8180.9353688628998498
158000 0.82372724821372100834 308.57950911013898576 -288.42408312762199785 2721.3789758463899489 4966.0914537876997201 7687.470429634089669 7466.6141299861401421
159000 0.82372724821372100834 307.73107742561302302 -296.10460693243101105 2586.2486910168399845 4952.4373088647198529 7538.6859998815698418 7311.9484574175003218
160000 0.82372724821372100834 310.00351015177801628 373.31559844865199693 2719.0044863749899378 4989.0084628381700895 7708.0129492131500228 7993.8736193075701522
161000 0.82372724821372100834 311.32123183279901468 883.0040724179409608 2643.1243753093499436 5010.2150763215404368 7653.33945163089993 8329.4862209768198227
162000 0.82372724821372100834 311.3358244089370146 589.53097738123699401 2622.7687462549301927 5010.4499203909199423 7633.218666645850135 8084.6429332340603651
163000 0.82372724821372100834 312.04202150702900553 332.64531208470998536 2628.1765849084499678 5021.8150281507996624 7649.9916130592500849 7904.7096377318302984
164000 0.82372724821372100834 312.86563313908101236 -110.39329875065000408 2677.9167152506202001 5035.0697342035900874 7712.9864494542098328 7628.454481098389806
165000 0.82372724821372100834 310.89274176932900673 -74.13044119039709301 2675.4031703991499853 5003.3192171364398746 7678.7223875355903147 7621.958143873809604
166000 0.82372724821372100834 310.79939600257597476 -236.2186734712529983 2656.6820921357898442 5001.8169669842600342 7658.4990591200503331 7477.6182479031704133
167000 0.82372724821372100834 308.21863250636300791 507.26702035796699874 2539.5880479746401761 4960.283724612630067 7499.8717725872802475 7888.3036810286102991
168000 0.82372724821372100834 310.09603765595500136 1104.8665481516100044 2570.2723688056398714 4990.4975443687499137 7560.7699131743902399 8406.8044564188403456
169000 0.82372724821372100834 307.87450960836099512 -282.24282474714897262 2680.5508029144298234 4954.7456194165197303 7635.296422330940004 7419.1733260905402858
170000 0.82372724821372100834 315.33338095202600471 -261.44707324647498581 2552.4835491777298557 5074.7841707172601673 7627.2677198949895683 7427.0686500917399826
171000 0.82372724821372100834 310.49175756760098466 1169.250762038340099 2557.4666215405500225 4996.8660206068097978 7554.332642147360275 8449.6684055970308691
172000 0.82372724821372100834 308.64212334328300358 298.14599763800401888 2599.2879874192099123 4967.0991292778699062 7566.3871166970802733 7794.6878226545695725
173000 0.82372724821372100834 308.45885220456000297 -1095.6072328660100084 2621.2351801889199123 4964.149674732550011 7585.3848549214699233 6746.4404897546601205
174000 0.82372724821372100834 307.90108669894897275 1107.9993687794599282 2607.0485548843998913 4955.173334992369746 7562.2218898767696373 8410.6553422685501573
175000 0.82372724821372100834 308.41141735674898428 679.7439682979979807 2588.1836222725801235 4963.3862870630100588 7551.5699093355897276 8072.0733843518701178
176000 0.82372724821372100834 307.14969010681699046 998.64149947215298653 2537.7913363225898138 4943.080813990720344 7480.8721503133101578 8245.5664984988998185
177000 0.82372724821372100834 308.84887854649002747 -49.448777230163102558 2637.262925541399909 4970.4265221129799102 7607.6894476543802739 7569.8248080488901905
178000 0.82372724821372100834 317.9531942846659831 1442.9844042105401059 2622.6569195431998196 5116.9458574710597532 7739.6027770142600275 8844.5458611971207574
179000 0.82372724821372100834 307.21890653956501183 450.07973722375197667 2621.1081419670199466 4944.1947412768204231 7565.3028832438403697 7909.9445103640600792
180000 0.82372724821372100834 307.33669249233901155 499.17943804478102265 2386.7811046626898133 4946.0903169588700621 7332.8714216215603301 7715.1103884630801986
181000 0.82372724821372100834 311.94847368095497586 -1251.8861957066199011 2611.6695446155999889 5020.3095261784701506 7631.9790707940701395 6673.3664966777096197
182000 0.82372724821372100834 307.706571945967994 1040.0594214059199203 2484.9228245018798589 4952.0429325388704456 7436.9657570407498497 8233.3752410714696452
183000 0.82372724821372100834 307.42780203422898921 -599.86916870078005104 2654.3721183190300508 4947.5565786644601758 7601.9286969834902266 7142.5881196103800903
184000 0.82372724821372100834 308.13524927816098398 998.68904315197698907 2544.8912260607398821 4958.9418055132200607 7503.8330315739603975 8268.5637856001594628
185000 0.82372724821372100834 308.55310048568600223 989.19636185820195351 2562.0485567581799842 4965.6664494036403994 7527.7150061618203836 8285.1768856837006751
186000 0.82372724821372100834 312.58414278100900674 2515.3094686502099648 2587.6548642125799233 5030.5395991159703044 7618.1944633285502277 9544.2539507734400104
187000 0.82372724821372100834 312.73901377635797871 2206.9531856892399446 2519.6590900923201843 5033.0319989796598747 7552.6910890719700546 9242.6315018214900192
188000 0.82372724821372100834 305.31974973587597333 92.565860793259403749 2542.8432059745000515 4913.6308635929099182 7456.4740695674199742 7527.3549518669697136
189000 0.82372724821372100834 309.68345607767400907 247.86162959802899763 2515.0476320167799713 4983.8577066951602319 7498.9053387119402032 7688.7015642702299374
190000 0.82372724821372100834 312.19801265910399479 -808.11885785785102598 2570.0993479605499488 5024.3254551374102448 7594.4248030979597388 6975.6202334974195765
191000 0.82372724821372100834 312.6157963421080126 1654.5022712709399002 2603.991115130129856 5031.0490123291401687 7635.04012745926957 8901.9497607659795904
192000 0.82372724821372100834 311.15484378094498652 228.33506961014199987 2647.6531878292398687 5007.5373279360201195 7655.1905157652599883 7830.0345787405403826
193000 0.82372724821372100834 304.92885533326500536 1412.3191867240800548 2583.4962156877500092 4907.3400461704095505 7490.8362618581495553 8572.2979280244799156
194000 0.82372724821372100834 312.67048524149601008 858.40625197845599814 2494.5811915834701722 5031.929142304889865 7526.5103338883600372 8183.8217010627304262
195000 0.82372724821372100834 307.67729967489100318 84.008780058586097539 2611.2205211566001708 4951.571842362969619 7562.7923635195702445 7627.1207930337795915
196000 0.82372724821372100834 314.18549785313297207 412.87676870335599233 2668.3219866835897847 5056.3108363607398132 7724.6328230443295979 8040.7868499813903327
197000 0.82372724821372100834 307.83071154651702273 759.64595849653403548 2547.2814888001398685 4954.0407599744703475 7501.3222487746097613 8083.0094422182701237
198000 0.82372724821372100834 313.90036481767202758 483.7521147764809939 2597.1994619664501442 5051.7220782326303379 7648.9215401990795726 8019.3472718434595663
199000 0.82372724821372100834 310.17813434427097263 678.85186530792100257 2562.5622031248199164 4991.8187586755902885 7554.3809618004097501 8074.2013226912804384
200000 0.82372724821372100834 308.03005498085798308 208.47555375023799229 2519.4475899277799726 4957.2488722969701485 7476.6964622247496663 7636.3334067858695562
201000 0.82372724821372100834 310.92338498128299307 8.1379001223952300847 2597.0790751589402134 5003.8123704032996102 7600.8914455622398236 7607.1229172495095554
202000 0.82372724821372100834 311.39896968624100282 94.160939715471002387 2766.8473893712098288 5011.4661421837199669 7778.3135315549297957 7850.4158209734296179
203000 0.82372724821372100834 308.32963653901498446 1354.8174439535800957 2591.5156219228701957 4962.0701561857504203 7553.5857781086197065 8591.0163703303205693
204000 0.82372724821372100834 312.83656090804902306 191.19635952141200619 2609.7383610686702013 5034.6018633508401763 7644.3402244195103776 7790.745892116039613
205000 0.82372724821372100834 309.19104149357701772 894.80667831884898078 2552.9421573195800192 4975.9330850478700086 7528.8752423674495731 8214.0596754105699802
206000 0.82372724821372100834 311.52983455985400951 74.658103226036203637 2674.2524220323698501 5013.5722020848697866 7687.8246241172400914 7744.9929168563103303
207000 0.82372724821372100834 305.43657816680297401 1479.942907449599943 2697.7777144478900482 4915.5110294991300179 7613.2887439470196114 8746.5322327888698055
208000 0.82372724821372100834 313.85137939796902629 -1424.3835203862699927 2573.4706092570800138 5050.9337365995597793 7624.4043458566402478 6533.7046019908002563
209000 0.82372724821372100834 306.81964364779798871 -110.87695212561099822 2576.7863337385201703 4937.7692464656602169 7514.5555802041799325 7429.6532617252096315
210000 0.82372724821372100834 314.83808987764899712 203.23048064345599073 2607.3830685003799772 5066.8132565800997327 7674.1963250804701602 7829.8169356892203723
211000 0.82372724821372100834 310.84462177558299345 -916.93710370377698382 2483.3097988250401613 5002.5448031437999816 7485.8546019688401429 6783.7241365169502387
212000 0.82372724821372100834 311.75499960782298103 78.489625808993494616 2564.67507139827012 5017.1958717952502411 7581.8709431935203611 7641.9731653413700769
213000 0.82372724821372100834 310.51927969125398477 226.46994377821300759 2492.2023230801701175 4997.3089449716098898 7489.5112680517795525 7662.9271396459898824
214000 0.82372724821372100834 313.59925725785399209 -1477.4973972542400134 2621.1668215691897785 5046.8762357987297946 7668.0430573679195732 6536.6721802949696212
215000 0.82372724821372100834 313.68579048833697698 -191.10731103337201375 2463.9991086995901242 5048.2688491242397504 7512.2679578238303293 7365.930477635580246
216000 0.82372724821372100834 309.25089215878301729 256.85531914427599531 2723.5569814967698221 4976.8962853518596603 7700.4532668486299372 7897.1362716655203258
217000 0.82372724821372100834 310.76415473288301428 1102.1337942766699598 2594.2908725538100043 5001.2498153650703898 7595.5406879188803941 8439.4826669706108078
218000 0.82372724821372100834 309.40047723439198535 95.722194578684394628 2609.4184165478700379 4979.3036168293701849 7588.7220333772402228 7662.0198296624303111
219000 0.82372724821372100834 310.65759537658499312 1339.4348381765300928 2596.075266215890224 4999.534913717319796 7595.6101799332200244 8621.2617786879891355
220000 0.82372724821372100834 314.46256896159798089 2014.3317660058501133 2654.4150540925697896 5060.7698507256500307 7715.1849048182102706 9257.6284319994501857
221000 0.82372724821372100834 307.57001770731500301 -141.9823795945470124 2602.522680929479975 4949.8453114476096744 7552.3679923770896494 7443.6471718671500639
222000 0.82372724821372100834 316.89198805255500702 270.23497284453901557 2566.7498278313701121 5099.8674480355502965 7666.6172758669199538 7873.5455444453200471
223000 0.82372724821372100834 311.41714930589802179 605.33698489546497967 2564.0819220525700075 5011.7587139558099807 7575.8406360083799882 8039.3681094229596056
224000 0.82372724821372100834 308.41071547131997477 -499.82513500702202691 2582.9863964678302182 4963.374991344639966 7546.3613878124697294 7163.6279884664600104
225000 0.82372724821372100834 313.38275332239999216 270.29720557878397358 2556.7361787961099253 5043.3919527798298077 7600.1281315759497375 7807.104053912150448
226000 0.82372724821372100834 305.67860466815000109 -59.717740593712896668 2597.2732630832001632 4919.4060572130401852 7516.6793202962398937 7470.9513801469802274
227000 0.82372724821372100834 314.76155199793799966 1182.5608368058099131 2645.8923962612298055 5065.5815023673203541 7711.4738986285501596 8617.0016468435205752
228000 0.82372724821372100834 308.65659825199497845 836.13478901790301734 2596.1640968108499692 4967.3320796790703753 7563.4961764899198897 8203.7535139040992362
229000 0.82372724821372100834 306.72870658106802466 309.57658230323397675 2594.3044532977000927 4936.3057604706800703 7530.6102137683801629 7767.6637138913201852
230000 0.82372724821372100834 313.13330484320397318 161.0117356246769873 2594.4860577744698276 5039.3774802561501929 7633.8635380306295701 7757.1557948503395892
231000 0.82372724821372100834 310.5029973112340258 406.15864601214298091 2587.6414999583198551 4997.0469062234797093 7584.6884061818000191 7895.6981341335804245
232000 0.82372724821372100834 310.19377634130302113 -43.073660128623799892 2540.0262288415701732 4992.0704914883199308 7532.0967203298896493 7499.1137284619999264
233000 0.82372724821372100834 307.36628431074200307 561.93284590420796576 2587.269386860600207 4946.5665497356203559 7533.8359365962196534 7964.1273590435403094
234000 0.82372724821372100834 307.42922272579500031 -288.86021020507700996 2547.4138961250200737 4947.5794424128198443 7494.9933385378299135 7273.8030812970901025
235000 0.82372724821372100834 308.65102866005099713 349.5577864053769872 2575.7070510131798073 4967.2424460445099612 7542.9494970576897686 7810.6179884730299818
236000 0.82372724821372100834 308.51187274144501771 -27.858162386907398655 2598.9348808073400505 4965.0029550940998888 7563.9378359014499438 7542.6058770960398761
237000 0.82372724821372100834 308.10119296089698082 -373.50390099346901707 2544.1248969474199839 4958.3937237996897238 7502.5186207471197122 7216.5137608790400918
238000 0.82372724821372100834 314.0009471454350205 314.38850710963697566 2487.0869095564598865 5053.340789208449678 7540.4276987649100192 7781.1658562001002792
239000 0.82372724821372100834 307.09705351569897402 -70.478535386359695281 2419.9069921464201798 4942.2337126194697703 7362.1407047658904048 7308.1728517307101356
240000 0.82372724821372100834 308.70563217673799272 675.21602772878895848 2551.5694611434300896 4968.1212019228496501 7519.6906630662897442 8036.7269373263197849
241000 0.82372724821372100834 312.88112551615802204 192.90515620712699274 2520.2618218381398947 5035.3190591235297688 7555.5808809616701183 7703.2950334031802413
242000 0.82372724821372100834 309.53327833845600026 713.02072421276500336 2526.8388918644100158 4981.4408372489897374 7508.279729113400208 8054.2643674775199543
243000 0.82372724821372100834 312.97066965394600402 1005.0622950881099769 2505.2342976092400022 5036.7601281649904195 7541.9944257742399714 8311.6053993163495761
244000 0.82372724821372100834 311.38320091018897529 166.10036237344399979 2437.6172334190400761 5011.2123690663302114 7448.8296024853598283 7576.0183968682204068
245000 0.82372724821372100834 305.29018604158898142 698.30834995225404782 2607.6827735717001815 4913.1550834286199461 7520.8378570003196728 8055.5567213591002655
246000 0.82372724821372100834 303.92907924004100551 -125.08251800089199435 2428.3429835153201566 4891.2502561302999311 7319.5932396456200877 7223.8132278769699042
247000 0.82372724821372100834 303.10675463952401287 -372.25387118021200195 2537.6790543968800193 4878.0162627823901857 7415.6953171792702051 7130.6476483890401141
248000 0.82372724821372100834 309.76134377145001508 -641.07968381506202604 2453.0727825618901079 4985.1111839967697961 7438.1839665586703632 6947.2870719181901222
249000 0.82372724821372100834 307.1465450776850048 -340.05312471885400782 2487.2293954341498647 4943.0301997994502017 7430.2595952335996117 7169.8691521238197311
250000 0.82372724821372100834 308.03723110377802641 -922.86643475128005321 2522.5003642146998573 4957.3643604666403917 7479.8647246813397942 6773.1939652972096155
251000 0.82372724821372100834 310.775362933383974 320.73515100514498499 2504.381365205199927 5001.4301933456999905 7505.8115585509003722 7751.4095608046900452
252000 0.82372724821372100834 309.15499654425798326 2207.5099351332501101 2563.4193047366097744 4975.3529994962300407 7538.7723042328398151 9229.1390392946304928
253000 0.82372724821372100834 316.64452529993900498 1400.7758668927599501 2583.37442739377002 5095.8849325910096013 7679.2593599847896257 8751.88190676845079
254000 0.82372724821372100834 308.80327471272801176 184.53038698278498941 2492.5932092912898952 4969.6926016729603361 7462.2858109642402269 7603.5871128516801036
255000 0.82372724821372100834 313.98183917581002333 -125.66203574513400554 2408.8759114121298808 5053.0332771350504117 7461.9091885471798378 7365.6854199910003445
256000 0.82372724821372100834 307.38062516129099322 782.87676923394496953 2513.0763465583800098 4946.7973426860698964 7459.873689244450361 8059.3495182335600475
257000 0.82372724821372100834 309.36438152159399806 -329.90568022047102659 2482.9547162663398012 4978.7227143210902796 7461.6774305874396305 7209.0572368219400232
258000 0.82372724821372100834 311.73245641770398606 328.62890791854698591 2572.0104863571100395 5016.8330753668196849 7588.8435617239301791 7840.4860867627403422
259000 0.82372724821372000914 312.28606957938200139 956.87454837817904263 2539.8566834012899562 5025.7425898023202535 7565.5992732036102097 8298.3112218400292477
260000 0.82372724821372100834 307.14948710357202799 2451.5359129347298222 2468.1803531491400463 4943.0775469796199104 7411.2579001287604115 9288.4837694583402481
261000 0.82372724821372100834 305.72518817243098965 75.425107813981995264 2510.3190614358900348 4920.1557438761801677 7430.4748053120702025 7488.2304200017497351
262000 0.82372724821372100834 309.70984235723000211 1432.1974727380199965 2520.6402343694699084 4984.2823514740002793 7504.9225858434701877 8601.6057433803307504
263000 0.82372724821372100834 308.89518044097900429 1716.5914797152499887 2373.978265327869849 4971.1716767189300299 7345.1499420467998789 8659.6034304864806472
264000 0.82372724821372100834 310.00598026572902199 1373.8346848746800788 2468.7524226743698819 4989.0482153538696366 7457.800638028240428 8509.7933896015492792
265000 0.82372724821372100834 309.374957084414973 -91.229285035424496186 2440.2711324128199522 4978.8929110146300445 7419.1640434274504514 7349.3066234299103598
266000 0.82372724821372100834 313.92067895816302325 913.53420527341097568 2544.7261321483401844 5052.0490016883595672 7596.7751338366997516 8296.2998822234203544
267000 0.82372724821372100834 313.55942321337300882 -672.2244530782450056 2456.2609158145801302 5046.2351708477899592 7502.4960866623696347 6987.7505646178797178
268000 0.82372724821372100834 305.50992931988599821 -251.11998180250500923 2552.1179501789802089 4916.6914984664399526 7468.8094486454201615 7276.5181900683001004
269000 0.82372724821372100834 310.09249988564801015 354.48927663683400624 2488.2054073958602203 4990.440609639230388 7478.646017035100158 7750.0907211454996286
270000 0.82372724821372100834 315.40015958527800422 272.75868075508600441 2567.5508153225500791 5075.8588655368903346 7643.4096808594504182 7852.2704399028298212
271000 0.82372724821372100834 304.91827612228502176 -542.17552228706097139 2555.5313555660800375 4907.1697907656098323 7462.701146331700329 7047.5385901625104452
272000 0.82372724821372100834 309.61886808629799361 -137.90472838445199955 2438.1085932567398231 4982.8182667371502248 7420.9268599938895932 7315.3284380983395749
273000 0.82372724821372100834 311.46148654922899368 -239.17476230447400098 2480.9151780989400322 5012.4722506576699743 7493.3874287566095518 7310.2430380422802045
274000 0.82372724821372100834 309.50256392849797749 -286.70952541461701912 2507.355367453530107 4980.9465381646496098 7488.3019056181801716 7268.7585021331296957
275000 0.82372724821372100834 309.5096882183719913 82.953692679286902489 2432.0232798779197765 4981.0611921647196141 7413.0844720426302956 7476.6049846455098304
276000 0.82372724821372000914 311.29894707573799906 1247.9829968661599651 2557.2859328869399178 5009.8564389579996714 7567.1423718449395892 8522.766131562209921
277000 0.82372724821372100834 304.68808809621202727 -2076.5587411979299759 2479.104856031539839 4903.4652842922596392 7382.5701403237899285 5792.4772652442097751
278000 0.82372724821372100834 309.41489952960097298 530.729351713863025 2511.4762800805101506 4979.5357205007603625 7491.0120005812696036 7897.4098279160198217
279000 0.82372724821372100834 313.58535020867799403 1721.1243223542398937 2484.8414183106501696 5046.6524241844699645 7531.4938424951196794 8849.4182853754900862
280000 0.82372724821372100834 311.19615252674202566 -47.350375831968001705 2607.9466279000498616 5008.2021258354698148 7616.1487537355296809 7579.8909326833199884
