Step Density Temperature Pressure KinEng PotEng TotEng

251000 0.82372724821372100834 310.775362933383974 320.73515100514498499 2504.381365205199927 5001.4301933456999905 7505.8115585509003722 7751.4095608046900452
252000 0.82372724821372100834 309.15499654425798326 2207.5099351332501101 2563.4193047366097744 4975.3529994962300407 7538.7723042328398151 9229.1390392946304928
253000 0.82372724821372100834 316.64452529993900498 1400.7758668927599501 2583.37442739377002 5095.8849325910096013 7679.2593599847896257 8751.88190676845079
254000 0.82372724821372100834 308.80327471272801176 184.53038698278498941 2492.5932092912898952 4969.6926016729603361 7462.2858109642402269 7603.5871128516801036
255000 0.82372724821372100834 313.98183917581002333 -125.66203574513400554 2408.8759114121298808 5053.0332771350504117 7461.9091885471798378 7365.6854199910003445
256000 0.82372724821372100834 307.38062516129099322 782.87676923394496953 2513.0763465583800098 4946.7973426860698964 7459.873689244450361 8059.3495182335600475
257000 0.82372724821372100834 309.36438152159399806 -329.90568022047102659 2482.9547162663398012 4978.7227143210902796 7461.6774305874396305 7209.0572368219400232
258000 0.82372724821372100834 311.73245641770398606 328.62890791854698591 2572.0104863571100395 5016.8330753668196849 7588.8435617239301791 7840.4860867627403422
259000 0.82372724821372000914 312.28606957938200139 956.87454837817904263 2539.8566834012899562 5025.7425898023202535 7565.5992732036102097 8298.3112218400292477
260000 0.82372724821372100834 307.14948710357202799 2451.5359129347298222 2468.1803531491400463 4943.0775469796199104 7411.2579001287604115 9288.4837694583402481
261000 0.82372724821372100834 305.72518817243098965 75.425107813981995264 2510.3190614358900348 4920.1557438761801677 7430.4748053120702025 7488.2304200017497351
262000 0.82372724821372100834 309.70984235723000211 1432.1974727380199965 2520.6402343694699084 4984.2823514740002793 7504.9225858434701877 8601.6057433803307504
263000 0.82372724821372100834 308.89518044097900429 1716.5914797152499887 2373.978265327869849 4971.1716767189300299 7345.1499420467998789 8659.6034304864806472
264000 0.82372724821372100834 310.00598026572902199 1373.8346848746800788 2468.7524226743698819 4989.0482153538696366 7457.800638028240428 8509.7933896015492792
265000 0.82372724821372100834 309.374957084414973 -91.229285035424496186 2440.2711324128199522 4978.8929110146300445 7419.1640434274504514 7349.3066234299103598
266000 0.82372724821372100834 313.92067895816302325 913.53420527341097568 2544.7261321483401844 5052.0490016883595672 7596.7751338366997516 8296.2998822234203544
267000 0.82372724821372100834 313.55942321337300882 -672.2244530782450056 2456.2609158145801302 5046.2351708477899592 7502.4960866623696347 6987.7505646178797178
268000 0.82372724821372100834 305.50992931988599821 -251.11998180250500923 2552.1179501789802089 4916.6914984664399526 7468.8094486454201615 7276.5181900683001004
269000 0.82372724821372100834 310.09249988564801015 354.48927663683400624 2488.2054073958602203 4990.440609639230388 7478.646017035100158 7750.0907211454996286
270000 0.82372724821372100834 315.40015958527800422 272.75868075508600441 2567.5508153225500791 5075.8588655368903346 7643.4096808594504182 7852.2704399028298212
271000 0.82372724821372100834 304.91827612228502176 -542.17552228706097139 2555.5313555660800375 4907.1697907656098323 7462.701146331700329 7047.5385901625104452
272000 0.82372724821372100834 309.61886808629799361 -137.90472838445199955 2438.1085932567398231 4982.8182667371502248 7420.9268599938895932 7315.3284380983395749
273000 0.82372724821372100834 311.46148654922899368 -239.17476230447400098 2480.9151780989400322 5012.4722506576699743 7493.3874287566095518 7310.2430380422802045
274000 0.82372724821372100834 309.50256392849797749 -286.70952541461701912 2507.355367453530107 4980.9465381646496098 7488.3019056181801716 7268.7585021331296957
275000 0.82372724821372100834 309.5096882183719913 82.953692679286902489 2432.0232798779197765 4981.0611921647196141 7413.0844720426302956 7476.6049846455098304
276000 0.82372724821372000914 311.29894707573799906 1247.9829968661599651 2557.2859328869399178 5009.8564389579996714 7567.1423718449395892 8522.766131562209921
277000 0.82372724821372100834 304.68808809621202727 -2076.5587411979299759 2479.104856031539839 4903.4652842922596392 7382.5701403237899285 5792.4772652442097751
278000 0.82372724821372100834 309.41489952960097298 530.729351713863025 2511.4762800805101506 4979.5357205007603625 7491.0120005812696036 7897.4098279160198217
279000 0.82372724821372100834 313.58535020867799403 1721.1243223542398937 2484.8414183106501696 5046.6524241844699645 7531.4938424951196794 8849.4182853754900862
280000 0.82372724821372100834 311.19615252674202566 -47.350375831968001705 2607.9466279000498616 5008.2021258354698148 7616.1487537355296809 7579.8909326833199884
