Step Density Temperature Pressure KinEng PotEng TotEng

251000 0.82372724821372100834 291.19864881182201088 936.47695485533199644 2227.0258699739001713 4686.3744303344501532 6913.4003003083498697 7630.493105847120205
252000 0.82372724821372100834 290.38142434184800322 -563.89494740748000368 2195.7162253261499245 4673.222515394059883 6868.9387407202102622 6437.1448692650001249
253000 0.82372724821372100834 292.9480322093180007 -349.86518543347699506 2277.3724524625999948 4714.527945662660386 6991.900398125259926 6723.9965206384003977
254000 0.82372724821372100834 293.88369298796197882 -1998.4954304876400784 2199.7019015272198885 4729.5859027184196748 6929.2878042456395633 5398.9707070927297536
255000 0.82372724821372100834 302.24153371442901062 -1150.6223989277900728 2118.6507930193201901 4864.0919220050500371 6982.7427150243702272 6101.671333731969753
256000 0.82372724821372100834 298.9962944143269965 -1027.1957563625001058 2250.8699005445801049 4811.8650090768096561 7062.7349096213902158 6276.1755789849003122
257000 0.82372724821372100834 295.0508070339209894 -1834.9694353193699499 2235.2177075024401347 4748.3687282726696139 6983.5864357751097486 5578.4868509654197624
258000 0.82372724821372100834 288.58679313888598017 107.89495718661399337 2164.4119044266099081 4644.3408093292900958 6808.7527137559000039 6891.3716155358997639
259000 0.82372724821372100834 293.3664780769159961 -1199.9003813568199348 2192.8333597474402268 4721.2621596516100908 6914.0955193990503176 5995.290281989739924
260000 0.82372724821372100834 288.37618632483298597 -152.26552888560598831 2153.5519312838500809 4640.9514310053800727 6794.5033622892296989 6677.908378580000317
261000 0.82372724821372000914 290.87995635993098631 -452.36737338706598166 2134.421222503539866 4681.245587313460419 6815.666809817000285 6469.2734605365003517
262000 0.82372724821372100834 287.74065840734101585 1225.1714751124900431 2262.1888802008202219 4630.7236301743996592 6892.9125103752203358 7831.0686986289001652
263000 0.82372724821372100834 293.47006598172799841 -1559.1360583952200614 2249.2159552469202026 4722.9292405614396557 6972.1451958083598583 5778.2607712802600872
264000 0.82372724821372100834 288.55523624105501312 -1083.1199099509899497 2151.6688888373000736 4643.8329517561296598 6795.501840593419729 5966.1194506320598521
265000 0.82372724821372100834 293.83984865906802497 1485.6221166236900899 2190.0773921416798657 4728.8802986825503467 6918.9576908242297577 8056.5499466258797838
266000 0.82372724821372100834 296.45406937976497375 806.72699667248696187 2234.5818354821599314 4770.951981331870229 7005.5338168140297057 7623.2725901478697779
267000 0.82372724821372100834 296.73679651937800372 93.117574789674407043 2103.5143148332899727 4775.5020204314696457 6879.0163352647696229 6950.3196840601503936
268000 0.82372724821372100834 292.31323412752999502 -533.26799939174895826 2196.3361867901799087 4704.3118903648201012 6900.6480771549995552 6492.3063194585201927
269000 0.82372724821372100834 288.40822435255597611 946.00023279442700641 2117.8819169769799373 4641.467031591219893 6759.3489485682002851 7483.7340575212401745
270000 0.82372724821372100834 295.02900758631500366 -408.59957970553102768 2155.7048876712901802 4748.0179011851396353 6903.7227888564302702 6590.8439535216402874
271000 0.82372724821372100834 287.3465005187870247 -1003.5116851143000076 2217.6056523869201555 4624.3802921885599062 6841.9859445754800618 6073.5623267399196266
272000 0.82372724821372100834 289.61114424178799709 -2018.0208138879499984 2140.5298632542298947 4660.8260946694299491 6801.3559579236598438 5256.0875991415796307
273000 0.82372724821372000914 293.51369965456098043 435.1033099881900057 2212.4887229413598106 4723.6314544264496362 6936.1201773678103564 7269.2938359837198732
274000 0.82372724821372100834 290.80970981056901792 -1058.409716589970003 2132.6484972114299126 4680.1150819553804467 6812.7635791668099046 6002.3026392110095912
275000 0.82372724821372100834 294.47196732468000846 -295.51406218116102309 2120.7078758621901216 4739.053233081610415 6859.761108943799627 6633.4757670280596358
276000 0.82372724821372100834 297.2347948943329925 84.251729311505499709 2241.3317882755900428 4783.5165042220396572 7024.8482924976296999 7089.3627566606101027
277000 0.82372724821372100834 291.95058225375902339 -420.17058896076497376 2201.0563185155601786 4698.4755910712401601 6899.5319095867898795 6577.7927521194296787
278000 0.82372724821372000914 287.05451968193801804 -454.70362207671900023 2155.1532523301098081 4619.6813296983800683 6774.8345820285003356 6426.6522862943702421
279000 0.82372724821372100834 294.70493465957099488 -473.30286804490202712 2185.6070023715801653 4742.8024680653397809 6928.4094704369199462 6565.9850885488503991
280000 0.82372724821372100834 293.86110937395602605 -1525.0471700411799247 2100.4598213679200853 4729.2224557324698253 6829.6822771003899106 5661.9008938278802816
