Step Density Temperature Pressure KinEng PotEng TotEng

151000 0.82372724821372100834 321.84504677109998738 1503.3888434706800581 3170.6685277292599494 5179.5789708233196507 8350.2474985525805096 9501.4443518126990966
152000 0.82372724821372100834 329.47196026700999028 488.07475412589002417 3038.906472484150072 5302.3218905980102136 8341.2283630821493716 8714.9640892355491815
153000 0.82372724821372100834 333.76169248210197793 480.07710114236101617 3147.3929309000800458 5371.3582389733001037 8518.7511698733796948 8886.3628164261499478
154000 0.82372724821372100834 335.5339632040859783 -1143.8786324454599708 3202.734575504950044 5399.8800890197298941 8602.6146645246808475 7726.7072185556799013
155000 0.82372724821372100834 339.747967659575977 1373.5766405142799158 3062.3589196764100961 5467.6977207639301923 8530.0566404403307388 9581.8517985187991144
156000 0.82372724821372100834 327.60428977477801027 966.36384147119099453 3100.2978493356499712 5272.264734512979885 8372.562583848630311 9112.5408125268204458
157000 0.82372724821372100834 330.25495115661601631 99.988233894390404544 2991.3595335261697983 5314.922871060000034 8306.2824045861707418 8382.846854776269538
158000 0.82372724821372100834 337.49481024020201403 37.822297029201301655 2986.2658941327299544 5431.4367718867397343 8417.7026660194696888 8446.6645074699899851
159000 0.82372724821372100834 333.39283663066902363 -1386.8363074911399053 2999.7208076815500135 5365.4220966261900685 8365.1429043077405368 7303.1943604533098551
160000 0.82372724821372100834 335.36198908184599077 1180.8968443527899126 3268.8232181550602036 5397.1124418055997012 8665.9356599606708187 9570.1892315818095085
161000 0.82372724821372100834 327.3127715280069765 1666.3867179225599102 3050.9724645844098632 5267.5732166669404251 8318.5456812513493787 9594.5556465496702003
162000 0.82372724821372100834 333.72328809926000304 727.91732013946796087 3210.9286715887601531 5370.7401821296498383 8581.6688537184109009 9139.0603309915604768
163000 0.82372724821372100834 336.17629337785501775 -1048.255570186840032 3024.1815120994101562 5410.2173612374099321 8434.398873336820543 7631.7133146056403348
164000 0.82372724821372100834 324.79653734848699287 1695.0492180487199221 2927.3483513212399885 5227.0784699785399425 8154.4268212997903902 9452.3846546397708153
165000 0.82372724821372100834 333.07756457655699478 -103.25459835591099989 3097.0528940496601535 5360.348299412439701 8457.4011934620993998 8378.3355749907295831
166000 0.82372724821372100834 329.80624133825102717 225.10188240029100371 2972.2932255068999439 5307.701607403700109 8279.9948329105991434 8452.3631325741207547
167000 0.82372724821372100834 328.8929062794239826 1820.270402835260029 3032.3700920681199023 5293.0029469412302205 8325.373039009360582 9719.2170660735100682
168000 0.82372724821372000914 338.53122618613002714 1538.0794245034398955 3162.685886081299941 5448.116221492709883 8610.8021075740198285 9788.5627389918208792
169000 0.82372724821372100834 335.17575079300297602 928.4326872874929677 2968.7523710930099696 5394.1152357459495761 8362.8676068389595457 9073.8006383770807588
170000 0.82372724821372100834 332.92300440068299849 -32.308683560186700845 2989.1068904584899428 5357.8609016888503902 8346.9677921473394235 8322.2279152957798942
171000 0.82372724821372100834 330.5305863453800157 -326.87468050166899047 2917.9870931113600818 5319.3587766041800933 8237.3458697155401751 7987.0466173044196694
172000 0.82372724821372100834 331.24892580151401944 -74.286515452773102197 3040.018857823180042 5330.9192961095395731 8370.9381539327296196 8314.054398808229962
173000 0.82372724821372100834 329.70300369653301686 1713.6556557692499609 3069.1562080805001642 5306.0401634156596629 8375.1963714961602818 9687.4017979636901146
174000 0.82372724821372000914 337.73765757022999878 643.72415738737697666 3049.9217301952799062 5435.3450095195603353 8485.2667397148397868 8978.188599265889934
175000 0.82372724821372100834 330.16224828086598109 740.72360809548399629 2945.0520625257900065 5313.4309672056797353 8258.4830297314692871 8825.680724777850628
176000 0.82372724821372100834 330.02678815765500531 1000.0314040470000236 3011.3648100991999854 5311.2509541447097945 8322.6157642439193296 9088.3744104518391396
177000 0.82372724821372100834 337.03181924709400619 1320.6182807209700059 3061.229426014820092 5423.9856756662402404 8485.2151016810603323 9496.4582113572396338
178000 0.82372724821372100834 329.68235982322397604 1271.4097798862198943 3032.0908020612200744 5305.7079334399495565 8337.7987355011700856 9311.3611935211702075
179000 0.82372724821372100834 334.53157131836900362 1151.0317031882700576 3192.3060133127000881 5383.748202001829668 8576.0542153145306656 9457.4390150407107285
180000 0.82372724821372100834 334.45697501459500245 379.58964924509302818 2961.699324404320123 5382.5476943345402105 8344.2470187388607883 8634.9119466042702697
181000 0.82372724821372100834 329.17834249947497938 2397.7533455665397923 3123.8198406931701356 5297.5965843382300591 8421.4164250314097444 10257.459121701800541
182000 0.82372724821372100834 330.64010214956601885 1427.227345898789963 3031.5797766373098057 5321.1212575310200918 8352.701034168339902 9445.5783936227599042
183000 0.82372724821372100834 333.28058808853899109 1393.2132337025000197 3013.6405511404100253 5363.6156366723898827 8377.256187812799908 9444.087764702810091
184000 0.82372724821372100834 334.32620265197101617 863.7189456215089649 2916.7098521781899763 5380.4431232491397168 8297.1529754273306025 8958.5324559383006999
185000 0.82372724821372100834 337.14810136999102497 771.09319481050897593 3051.0677064748101657 5425.8570496223701412 8476.9247560971798521 9067.3774944498691184
186000 0.82372724821372100834 332.5779899340120096 1782.1905649395100681 2961.451031816250179 5352.3084481273499478 8313.7594799435992172 9678.4444576050391333
187000 0.82372724821372100834 336.03316167995598107 -43.2446237093799013 3028.9988596089801831 5407.9138865065297068 8436.9127461155094352 8403.7988415186591737
188000 0.82372724821372100834 331.96266729132099726 291.60456687381702068 3025.321821576470029 5342.405818733709566 8367.7276403101695905 8591.0193464042804408
189000 0.82372724821372100834 339.7504698116439954 -280.47654653655899892 3053.0326240905301347 5467.7379888816503808 8520.7706129721791513 8306.0000170691491803
190000 0.82372724821372100834 337.04526919950700403 1447.8300900877200093 3045.2060213930299142 5424.2021310424297553 8469.408152435460579 9578.0617459505701845
191000 0.82372724821372100834 332.71211033858998007 35.07275204551889658 3111.8824190398299834 5354.4669005692303472 8466.3493196090603305 8493.2057393339491682
192000 0.82372724821372100834 333.56161090599300678 1629.5195608037099646 3036.5642073048197744 5368.1382474448901121 8404.7024547497094318 9652.4819622737995815
193000 0.82372724821372000914 332.4911103522359781 1600.9983699564500057 3096.4014820589200099 5350.9102608341900122 8447.3117428931091126 9673.2515877795594861
194000 0.82372724821372000914 331.26794674138602659 -166.5109545492040013 2993.8217212755598666 5331.2254075788896444 8325.0471288544595154 8197.5439298365199647
195000 0.82372724821372100834 332.66176221840197513 1848.1594419845700941 3070.2931707970301431 5353.6566284610798903 8423.9497992581091239 9839.149428532940874
196000 0.82372724821372100834 334.65106037827700902 1386.074049035059943 3004.6183581527097886 5385.6711864570997932 8390.2895446098100365 9451.6544007910106302
197000 0.82372724821372100834 331.41872491700598857 1577.2325553553000645 3047.5508092875202237 5333.6519400843199037 8381.2027493718396727 9588.9442877437504649
198000 0.82372724821372100834 331.5646311997430189 -381.04925692772400225 3150.3437235338701612 5336.0000673006798024 8486.3437908345404139 8194.5611908655191655
199000 0.82372724821372000914 333.47378283511199015 794.26112679042000764 3010.4728159900600986 5366.7247957433701231 8377.1976117334306764 8985.390837191400351
200000 0.82372724821372100834 345.2347785199120267 1071.9613046094400488 3107.8712720315397746 5555.9991267796403918 8663.8703988111792569 9484.7082585854604986
201000 0.82372724821372100834 335.58726560063598754 563.54012050167500547 3001.0682504755800437 5400.7379054597904542 8401.8061559353591292 8833.3283241521294258
202000 0.82372724821372100834 339.61627056671198943 1194.2939883455599102 3076.4747955758998614 5465.5782676309299859 8542.0530632068293926 9456.5652915115897486
203000 0.82372724821372100834 334.54588931499699811 757.24617334904996824 2954.0343061492199013 5383.9786271551402024 8338.0129333043605584 8917.8625282303200947
204000 0.82372724821372100834 334.45639148668800544 984.43629877301702891 3062.4107984055499401 5382.5383033903399337 8444.9491017958898738 9198.7660363198192499
205000 0.82372724821372100834 328.28881479289799472 231.04437790550099407 2998.4504743085499285 5283.281064962759956 8281.7315392713098845 8458.6502133478206815
206000 0.82372724821372100834 335.29333179957700395 19.736044962279198245 3061.1204954132899729 5396.0075131481598874 8457.1280085614507698 8472.2405810373202257
207000 0.82372724821372100834 339.81193254734500897 -952.33343999696501214 3064.6785032523398513 5468.7271328704100597 8533.4056361227503658 7804.1709712918300283
208000 0.82372724821372000914 334.3436141965920001 1340.5397292672701042 3056.6199020578501404 5380.7233340874900023 8437.343236145330593 9463.8408882364692545
209000 0.82372724821372100834 332.61292934876502159 710.8077064036599495 2972.1029136211500372 5352.8707418762196539 8324.9736554973696911 8869.2637095567606593
210000 0.82372724821372100834 329.90018369312900859 2037.4589391152999269 3164.5291129785700832 5309.2134586833099092 8473.7425716618799925 10033.895375471100124
211000 0.82372724821372100834 328.95501234483100461 283.0656475397429972 3132.2483891039400987 5294.0024442880703646 8426.2508333920195582 8643.0039935135901032
212000 0.82372724821372100834 333.2048040694630231 812.01129987144099687 3111.2187813782898047 5362.3960146354202152 8473.6147960137095652 9095.3999431388201629
213000 0.82372724821372100834 339.21714333802202646 1013.0927837574599835 2980.1840508686800604 5459.1549560990397367 8439.3390069677207066 9215.0992035311701329
214000 0.82372724821372100834 335.38419633669099085 1075.0119912300499436 3110.0531248583101842 5397.4698318954897331 8507.5229567538008268 9330.696832824320154
215000 0.82372724821372100834 334.33645881273599798 -588.32044354483798543 2983.7537259559799168 5380.6081796797298011 8364.3619056357201771 7913.8645866893502898
216000 0.82372724821372100834 330.43773457712399022 979.59570227405197329 2983.0214920269900176 5317.8644765641802223 8300.8859685911793349 9050.9962908958405023
217000 0.82372724821372100834 336.68903928212000665 1071.4619018704599966 3002.7499614375401507 5418.4691828197101131 8421.2191442572493543 9241.6745940754408366
218000 0.82372724821372100834 333.51224689616901742 536.88784378407899567 3027.4692912643899945 5367.3438130120302958 8394.8131042764198355 8805.9267020672596118
219000 0.82372724821372100834 331.30460007572702352 603.97165598490505545 3111.3012855696201768 5331.8152841100600199 8443.1165696796906559 8905.5985635083798115
220000 0.82372724821372100834 326.70978534986102204 541.80733507224795176 2905.8792388146098347 5257.8691228511297595 8163.7483616657400489 8578.628984145620052
221000 0.82372724821372100834 335.39922165288498945 518.53440915564499392 3027.6143045428398182 5397.7116402208603176 8425.3259447636992263 8822.3856826482806355
222000 0.82372724821372100834 328.25838029810898888 1147.3937987756798975 2982.4507007234701632 5282.7912706633596827 8265.2419713868403051 9143.8411018362894538
223000 0.82372724821372100834 332.41897486834000119 109.80709050965799634 2876.0575195782598712 5349.7493561094197503 8225.8068756876800762 8309.8899641111202072
224000 0.82372724821372000914 330.71874326203601413 2221.1147058597298383 3040.2626234417598425 5322.386859896129863 8362.6494833378892508 10063.433862056999715
225000 0.82372724821372100834 336.85481152516297243 1572.2972564014100954 2925.962703177000094 5421.1370207517602466 8347.0997239287498815 9551.0621331350503169
226000 0.82372724821372100834 328.80212022826998464 35.60689462889310164 2980.5667231979600729 5291.5418912993300182 8272.1086144972996408 8299.3740456791001634
227000 0.82372724821372100834 325.2303202987030204 -200.30657713149000188 2968.4662611164098962 5234.0595096726001429 8202.5257707890104939 8049.1440942636299951
228000 0.82372724821372100834 332.4168861941939781 -27.229545897774499963 2932.9777570746300626 5349.715742254579709 8282.693499329210681 8261.8428939190598612
229000 0.82372724821372100834 336.55641557751800974 -144.3357254223919881 2996.0537667963899366 5416.334817359450426 8412.3885841558294487 8301.8657253220007988
230000 0.82372724821372100834 331.61100178233397173 1830.1622414544299318 2940.5374907820300905 5336.7463273312796446 8277.2838181133101898 9678.7023682562994509
231000 0.82372724821372100834 328.61619709394898337 -166.63972715502200117 2924.6560508484399179 5288.5497571454097852 8213.2058079938396986 8085.6040033362196482
232000 0.82372724821372100834 335.52742056159200956 1289.1250664285701077 2986.7181225101599011 5399.7747956998100562 8386.4929182099804166 9373.6205840674101637
233000 0.82372724821372100834 338.92472211264401949 -221.14899472137000203 3011.6301367166101954 5454.4489062630000262 8466.0790429795997625 8296.7376061779596057
234000 0.82372724821372100834 332.59365943925001829 789.76187379472696648 2980.8646496608198504 5352.5606236404701122 8333.425273301290872 8938.173265070619891
235000 0.82372724821372100834 329.28023343136402445 890.58521604097199997 2933.4121477695598514 5299.236355195120268 8232.64850296467921 8914.6004162830704445
236000 0.82372724821372100834 337.77588616039497538 288.11353364572897817 3014.3965862434301926 5435.9602372625204225 8450.3568235059501603 8670.9753246709096857
237000 0.82372724821372100834 335.4684836498020104 414.86145643926698767 3064.1641107906898469 5398.826300789060042 8462.9904115797507984 8780.6641825844999403
238000 0.82372724821372100834 336.79483375397899181 199.50110046603799674 2902.1711654644400369 5420.1717748812297941 8322.3429403456702858 8475.1078355195804761
239000 0.82372724821372100834 327.49249406628598535 -1084.3580198799700156 3012.674848292239858 5270.4655621890697148 8283.1404104813100275 7452.8099569099103974
240000 0.82372724821372100834 327.86379691833298011 435.52159105202900946 3004.804074155590115 5276.4410850798803949 8281.2451592354700551 8614.7391101340799651
241000 0.82372724821372100834 332.66359729350000407 542.95052087620501879 3153.2182102187898636 5353.6861610466403363 8506.9043712654402043 8922.6603706685491488
242000 0.82372724821372100834 331.67887447265798073 1596.2150367574199663 2976.0321697678500641 5337.8386292418399535 8313.8707990096991125 9536.1478801668909
243000 0.82372724821372100834 331.80624823997402473 825.48719792282895469 3037.4204700130599122 5339.8885053957501441 8377.308975408810511 9009.4130839250392455
244000 0.82372724821372100834 323.40468046251100986 1287.2983187491799981 2976.2387761724899065 5204.67876947258992 8180.9175456450802812 9166.6464076006905088
245000 0.82372724821372100834 334.31334511085998429 1363.6996064888398905 2999.2443840518299112 5380.236201781120144 8379.4805858329491457 9423.7125572222103074
246000 0.82372724821372100834 338.20075770300502427 1154.3485028191701076 2993.9148964033101947 5442.797862167670246 8436.7127585709804407 9320.637346532630545
247000 0.82372724821372100834 330.00470254520797653 1996.3303215600799376 3022.9839194084997871 5310.8955216937902151 8333.8794411022900022 9862.5386394386496249
248000 0.82372724821372100834 328.18395759428898373 192.41481360417199653 2907.4839742483200098 5281.5935568084396436 8189.0775310567596534 8336.4162112018002517
249000 0.82372724821372100834 334.68089490516501883 1460.1186778666199189 2931.0515065750200847 5386.1513252369895781 8317.2028318120101176 9435.2662221627997496
250000 0.82372724821372100834 330.21091135988700671 885.97753632155104242 3007.7432505404499352 5314.2141212833303143 8321.9573718237807043 9000.3810253597002884
251000 0.82372724821372100834 333.98903836391201594 -59.281058972146198016 2952.307849534809975 5375.0170057007799187 8327.3248552355908032 8281.9312973127307487
252000 0.82372724821372100834 330.19451116053500073 602.17333910922900486 2918.8698273129698464 5313.9501864223502707 8232.8200137353196624 8693.9249741122603155
253000 0.82372724821372100834 330.70897429358001318 453.72101427405601726 3005.7066915133400471 5322.2296440430700386 8327.9363355564091762 8675.3662144987501961
254000 0.82372724821372100834 328.93840366021697719 2639.2325960451698847 2929.0665085830701173 5293.7351541917296345 8222.8016627748093015 10243.75337648760069
255000 0.82372724821372100834 334.5988231874150074 230.09011342695600888 3049.7295919656498882 5384.8305127913099568 8434.560104756959845 8610.748065505620616
256000 0.82372724821372100834 329.41881495242699884 -107.06998813621899558 2968.3185098813000877 5301.4666021398697922 8269.7851120211707894 8187.797917586190124
257000 0.82372724821372100834 331.42699883865299171 548.84905161485494318 3028.7636554475498087 5333.7850955608300865 8362.54875100838035 8782.8214594815799501
258000 0.82372724821372100834 329.65608749204699279 -0.6732441263025960021 3085.9706595855600426 5305.2851224772102796 8391.2557820627698675 8390.7402557416498894
259000 0.82372724821372100834 329.99161325372199371 1365.2506530677198953 3118.6020994859500206 5310.6848705758102369 8429.286970061759348 9474.7066314812000201
260000 0.82372724821372100834 335.10482010572502531 123.90589899066100088 3157.3280695542598551 5392.9737202872001944 8550.3017898414491356 8645.1808237240802555
261000 0.82372724821372100834 332.13733707727902811 1092.0191057308500149 3070.7286621884900342 5345.2168483246896358 8415.9455105131801247 9252.1423225868493319
262000 0.82372724821372100834 325.40180994486797772 1343.9384882048200325 3047.0053118433002055 5236.8193600226395574 8283.8246718659393082 9312.9248712693606649
263000 0.82372724821372100834 334.99362123769498112 237.83679264421098765 3047.7927429662900067 5391.1841531516902251 8438.976896117979777 8621.096757170969795
264000 0.82372724821372100834 331.8805335143590014 1238.7423754655699213 3017.3012776566001776 5341.0840075447104027 8358.3852852013096708 9306.9331813955104735
265000 0.82372724821372100834 333.9435367323080186 1375.1407305342199834 2990.947549268109924 5374.2847300402900146 8365.2322793084003933 9418.2251152311491751
266000 0.82372724821372100834 337.02630400617198347 599.88924463157002265 3034.1222071199099446 5423.8969167240402385 8458.0191238439492736 8917.3750740518698876
267000 0.82372724821372100834 333.56929544596897586 452.69800987240500945 3144.1111475178499859 5368.2619177702799789 8512.37306528812951 8859.0195943651506241
268000 0.82372724821372100834 338.70475768995601129 272.67628606339599173 2985.9858089045101224 5450.9089322614900084 8436.8947411659992213 8645.6924077431704063
269000 0.82372724821372100834 334.397934293438027 1943.9656197296399114 2912.2062320433701643 5381.5975287788096466 8293.8037608221693517 9782.3654951984299259
270000 0.82372724821372100834 332.87745190271601814 685.46862313273095424 3110.484389792480215 5357.1278074159899916 8467.612197208469297 8992.4992384992892767
271000 0.82372724821372100834 332.05034741237801654 43.831135692389601388 2957.9781635971498872 5343.8168894204800381 8301.7950530176294706 8335.3580701326300186
272000 0.82372724821372100834 331.13436737461000803 -21.835253388882300385 3019.3902803985201899 5329.0756622712397075 8348.4659426697508025 8331.7459336710198841
273000 0.82372724821372100834 339.30834841074198494 221.32799756353401222 3024.4793684760497854 5460.6227552198697595 8485.1021236959204543 8654.5806291671306099
274000 0.82372724821372100834 326.99403729456298606 141.61434501947300646 2986.9521062040998913 5262.4437012389698793 8249.3958074430702254 8357.8348111452305602
275000 0.82372724821372100834 333.91183830522498965 705.11836752492899905 2996.3756292517700786 5373.774594781199994 8370.1502240329700726 8910.083754467239487
276000 0.82372724821372100834 332.81595286566397363 -54.711758608372200285 2946.3456073337301859 5356.1380792153104267 8302.4836865490397031 8260.5890000081399194
277000 0.82372724821372100834 332.21463614676997622 -783.76948069954505627 2865.118261097679806 5346.4608526640904529 8211.5791137617707136 7611.4197047164798278
278000 0.82372724821372100834 334.77966735046902613 521.83602036088802834 3004.633641212350085 5387.7409090622795702 8392.3745502746296552 8791.9624460916602402
279000 0.82372724821372100834 339.61505622979899499 351.73287321752900425 3045.043519099110199 5465.5587248292004006 8510.6022439283096901 8779.9362745716298377
280000 0.82372724821372100834 328.98027640701900509 650.74411430400198242 3012.9481686910999088 5294.4090287812696261 8307.357197472370899 8805.6544809182705649
