Step Density Temperature Pressure KinEng PotEng TotEng

151000 0.82372724821372100834 348.1657807698430247 1180.7481155284499437 3612.497426365479896 5603.1688992197796324 9215.6663255852599832 10119.806010399699517
152000 0.82372724821372100834 360.33129934708398423 2230.2267549043299368 3715.1263282802501635 5798.9533763276504033 9514.0797046079005668 11221.841494548600167
153000 0.82372724821372100834 358.0383774095819831 1573.809977110950058 3551.6656369714601169 5762.052481414470094 9313.7181183859302109 10518.838870178200523
154000 0.82372724821372100834 360.79982766229198887 1590.3865714100600144 3620.4565133536598296 5806.4935868514103277 9426.9501002050801617 10644.764123786499113
155000 0.82372724821372100834 361.2213556367390197 1576.0866566860099738 3581.0231973901200035 5813.2774023985703025 9394.300599788690306 10601.164683902499746
156000 0.82372724821372100834 355.97454543115298975 1444.5393359337599577 3554.0348070394397837 5728.8384213503895808 9282.8732283898207243 10389.006977592300245
157000 0.82372724821372100834 362.30457225079402406 1506.9349378469300973 3583.5507891659199231 5830.7100335709201318 9414.2608227368400549 10568.173043152299215
158000 0.82372724821372100834 359.20786454987899106 -273.98697753653800646 3657.6948141081202266 5780.8734981096204137 9438.5683122177397308 9228.7670038309097436
159000 0.82372724821372100834 362.38781809433498893 -60.419972704764198568 3613.5539618911698199 5832.0497416849202637 9445.603703576089174 9399.338040002839989
160000 0.82372724821372100834 358.87564817216298252 290.98914582828098219 3576.6880976562702017 5775.5270092292103072 9352.2151068854691403 9575.0355637920401932
161000 0.82372724821372100834 361.92222783750298731 2328.1739147873399816 3575.054178497940029 5824.5568144906101224 9399.6109929885496967 11182.374312129599275
162000 0.82372724821372100834 354.90793131788001347 1032.8031104855199374 3661.5995569596298083 5711.6729807555502703 9373.2725377151800785 10164.125613412699749
163000 0.82372724821372100834 361.93954866187198149 1368.3393239549400278 3673.3753986520100625 5824.8355653322296348 9498.2109639842401521 10545.995727567100403
164000 0.82372724821372100834 358.27537682092798832 -410.44183330515198804 3666.4429531990699616 5765.8666061910498684 9432.3095593901198299 9118.0200467338891031
165000 0.82372724821372100834 365.30591663625199317 2575.4024585978499999 3521.6892931080101334 5879.0118496748900725 9400.7011427829093009 11372.77591179060073
166000 0.82372724821372100834 363.66125946400302382 495.00282025021800791 3695.1784848953498113 5852.5437346951603104 9547.7222195905105764 9926.7630056797606812
167000 0.82372724821372100834 360.0053398630969923 2243.033501758679904 3592.1143099751297996 5793.7075820998297786 9385.8218920749695826 11103.390251183200235
168000 0.82372724821372100834 358.77119899180001994 -1185.2511149610199936 3632.9493698881101409 5773.8460674730604296 9406.7954373611792107 8499.2076500817092892
169000 0.82372724821372100834 361.24835706097900356 701.59455321563098096 3722.8015146456000366 5813.7119469428398588 9536.5134615884398954 10073.748685485499664
170000 0.82372724821372100834 359.79801105730797417 -421.78124160786802577 3557.954516150370182 5790.370958052700189 9348.3254742030603666 9025.3529842767693481
171000 0.82372724821372100834 354.38892357560598612 717.40903940403404704 3559.1416622801898484 5703.3203849503797755 9262.4620472305705334 9811.8069703681394458
172000 0.82372724821372100834 355.74363894246397422 2632.2725656265902217 3560.2851892105900333 5725.1223523754697453 9285.4075415860606881 11301.02971919690026
173000 0.82372724821372100834 364.00289314261601703 570.21886538596800165 3535.6009623326799556 5858.0417799042597835 9393.6427422369397391 9830.279056489789582
174000 0.82372724821372100834 360.39298385439900585 617.58853630946600788 3556.280780455510012 5799.9460893742498229 9356.2268698297593801 9829.1357800539899472
175000 0.82372724821372100834 356.72387673567197908 558.0860550807559548 3558.8039195672599817 5740.897704865869855 9299.7016244331298367 9727.0474260516493814
176000 0.82372724821372100834 360.39279395002199635 1392.3249126229900412 3689.8058464922701205 5799.9430331683797704 9489.7488796606503456 10555.900238365000405
177000 0.82372724821372100834 351.46928454295499478 944.11710702748905533 3547.8964977210298457 5656.3334852368998327 9204.2299829579205834 9927.1731173568696249
178000 0.82372724821372100834 359.78037015093997297 1318.7168916537500536 3675.6937615518099847 5790.0870560055300302 9465.7808175573391054 10475.567967838500408
179000 0.82372724821372100834 356.82648927115297965 401.85529658862498081 3563.2901936913399368 5742.5490887732903502 9305.8392824646307417 9613.5537868710707698
180000 0.82372724821372100834 352.99310364629297965 1489.0351461628799825 3655.1571028742700946 5680.8569056287096828 9336.0140085029797774 10476.219739110299997
181000 0.82372724821372100834 361.16901260957899922 697.69746726640403267 3637.1318042349398638 5812.4350254676000986 9449.5668297025404172 9983.8179200528102228
182000 0.82372724821372100834 360.49385515535999502 577.43850085108601888 3651.3440340683000613 5801.5694509094400928 9452.9134849777401541 9895.0781238987001416
183000 0.82372724821372100834 362.79180355127499524 1397.8753879530900122 3597.4582698170697768 5838.5512385955598802 9436.009508412629657 10506.411058118399524
184000 0.82372724821372100834 369.919312298954992 928.5046775520789879 3632.0114016250699933 5953.257041261210361 9585.2684428862794448 10296.256599860800634
185000 0.82372724821372100834 359.10130157241502502 2004.5106311614099468 3554.0697284759999093 5779.1585381850300109 9333.2282666610299202 10868.151411090000693
186000 0.82372724821372100834 356.5105189400920267 1589.9116308753900739 3757.1668287735401464 5737.4640539138499662 9494.6308826873901126 10712.081227868900896
187000 0.82372724821372100834 357.0358785336039773 1728.8647163323100813 3571.7770714377597869 5745.9188725601998158 9317.6959439979600575 10641.54747435759964
188000 0.82372724821372100834 356.42329265323297705 -172.81627429912100524 3567.5894711176601959 5736.0602869593903961 9303.6497580770501372 9171.3183575685707183
189000 0.82372724821372100834 356.64147867572700079 179.42356833918799452 3705.2166495828000734 5739.5716404668401083 9444.7882900496406364 9582.1791242106392019
190000 0.82372724821372100834 359.79609466035702781 961.05160205656500239 3536.3352059000599183 5790.3401167225501922 9326.6753226225991966 10062.585785782599487
191000 0.82372724821372100834 357.23651931417100513 415.8190169589079801 3591.2523453969001821 5749.1478635859903079 9340.4002089828900353 9658.8072172081992903
192000 0.82372724821372100834 363.68277881018002518 520.7285531893960524 3629.798705417400015 5852.8900540001995978 9482.6887594176005223 9881.4286293041004683
193000 0.82372724821372100834 363.77557135820899248 2893.109184066960097 3709.7659100715800378 5854.3834009857800993 9564.1493110573592276 11779.503112105299806
194000 0.82372724821372100834 359.37185092766600292 927.00951386313897729 3529.1713607124302143 5783.5125954094301051 9312.6839561218494055 10022.527214528499826
195000 0.82372724821372100834 368.24251627009300591 998.82092410461802956 3578.9489621019001788 5926.2717030166495533 9505.2206651185497321 10270.05240495309954
196000 0.82372724821372100834 358.31855595745901155 373.30258949863201678 3557.9164856745601355 5766.5615050244896338 9324.4779906990606833 9610.3286993903493567
197000 0.82372724821372100834 366.62012353908500017 832.58642392063700299 3633.9510108060399034 5900.1618984499700673 9534.112909256009516 10171.65314074520029
198000 0.82372724821372100834 361.580219149002005 1824.29221035741989 3598.8418793790701784 5819.0527340998396539 9417.8946134789093776 10814.81827771350072
199000 0.82372724821372100834 362.02339523242198993 618.14933982045295124 3627.0282393915399552 5826.1849411823495757 9453.2131805738899857 9926.5515174497395492
200000 0.82372724821372100834 357.05973429180198764 911.36513250132099984 3623.4384741543399286 5746.3027926631802984 9369.7412668175093131 10067.605081134799548
201000 0.82372724821372100834 361.9792812053009925 -701.1946365376270478 3671.2126410025298355 5825.4749967867901432 9496.6876377893095196 8959.7586439293590956
202000 0.82372724821372100834 353.47071772872197926 634.65411759664505098 3501.9753837510897938 5688.543336979239939 9190.5187207303297328 9676.4953369989307248
203000 0.82372724821372100834 362.03584970137501386 1445.4912735498598977 3611.8676253075400382 5826.3853758515597292 9438.2530011591006769 10545.11568193039966
204000 0.82372724821372100834 353.57825069501700455 2506.5445358247197873 3550.1382083103198966 5690.2739073157499661 9240.4121156260807766 11159.759990748199925
205000 0.82372724821372100834 359.58151082656297604 1281.5342016224399231 3511.7454645684401839 5786.8867346551496667 9298.6321992236007645 10279.947277262299394
206000 0.82372724821372100834 362.87683319285997641 829.34212509755900555 3673.7686234996799612 5839.919654073340098 9513.6882775730191497 10148.744237203700322
207000 0.82372724821372100834 361.92809331681797858 697.21544326795299185 3561.7554143585598467 5824.6512099570500141 9386.4066243156103155 9920.2886122126892587
208000 0.82372724821372100834 365.53610683540802029 696.98735073603904766 3476.6892668931000117 5882.7163911205398108 9359.4056580136402772 9893.1129875672504568
209000 0.82372724821372100834 365.99699141413202597 527.65660967520705071 3477.9607397266299813 5890.1335879855596431 9368.0943277122005384 9772.1392501540103694
210000 0.82372724821372100834 351.49799688686397303 1808.4267741575499713 3613.813689522599816 5656.7955642845799957 9270.6092538071807212 10655.384204614600094
211000 0.82372724821372100834 365.12557597598402026 -463.20708165566600201 3548.5440013148700018 5876.1095564723800635 9424.6535577872491558 9069.9598688419591781
212000 0.82372724821372100834 355.25444805552899652 60.070015481750402841 3557.2256207568998434 5717.2496109550002075 9274.4752317119000509 9320.4729209313009051
213000 0.82372724821372000914 361.64336034096999128 596.87533247451699481 3522.8893273820499417 5820.0688901457097018 9342.9582175277591887 9800.0063109185393841
214000 0.82372724821372100834 364.26591981835002798 1188.7711039054699995 3633.8203208053200797 5862.2747716873000172 9496.0950924926200969 10406.378257095100707
215000 0.82372724821372100834 361.28241673755201191 1149.0366323423900212 3553.1652222653401623 5814.2600827190599375 9367.4253049843991903 10247.28240993630061
216000 0.82372724821372100834 357.76029398184300589 2011.3421207754599891 3526.9858240315697913 5757.577175397170322 9284.5629994287392037 10824.717251818199657
217000 0.82372724821372100834 356.75365194447897466 706.89763148600798104 3580.670550198230103 5741.3768890165601988 9322.047439214789847 9863.3434136248906725
218000 0.82372724821372100834 361.89979143709598475 1590.9536619306800276 3517.6497296859201924 5824.1957366710203132 9341.8454663569500553 10560.093730770800903
219000 0.82372724821372100834 361.5707045552829868 533.49410617322701 3630.0813898660799168 5818.899611999499939 9448.9810018655698514 9857.4958973477096151
220000 0.82372724821372100834 356.7901682491889801 1839.6724830626999392 3647.7323147141701156 5741.9645602759601388 9389.6968749901297997 10798.39774617779949
221000 0.82372724821372100834 358.90140595909997501 1345.4845852986200043 3491.6419104274600613 5775.941539429039949 9267.5834498564890964 10297.86754929810013
222000 0.82372724821372100834 363.48314025603400523 2263.9084690616300577 3477.927520894780173 5849.677192198550074 9327.6047130933293374 11061.157756919399617
223000 0.82372724821372000914 352.21817692140001554 2753.2624812779499734 3565.3525502700599645 5668.3857049423595527 9233.7382552124199719 11342.006597372799661
224000 0.82372724821372100834 361.87661819768402438 2383.4070573720500761 3566.6343310004399427 5823.8228006114195523 9390.4571316118708637 11215.51437904389968
225000 0.82372724821372100834 363.87741738562698401 1974.9558840438899097 3578.2733599271000458 5856.0224491773496993 9434.2958091044492903 10946.587861099600559
226000 0.82372724821372100834 356.98061491686399904 1000.7842786879899677 3558.4125346453001839 5745.0294934319999811 9303.4420280772992555 10069.777176446599697
227000 0.82372724821372100834 362.65530236544998388 1847.8959251535800377 3447.332007023119786 5836.3544713043302181 9283.6864783274504589 10698.684323647399651
228000 0.82372724821372100834 360.64222002878801732 -784.76480492542998491 3585.0368477892398005 5803.9571451931496995 9388.9939929823995044 8788.0724297400902287
229000 0.82372724821372100834 360.63910676115898468 1650.4587115217600513 3579.6184502728501684 5803.907042152250142 9383.5254924251003104 10647.338832128600188
230000 0.82372724821372100834 355.72971100826902102 798.33310502108599849 3531.8267028939199008 5724.8982046503797392 9256.7249075443105539 9868.0361876200495317
231000 0.82372724821372100834 363.35372513242299419 1983.9754568068999561 3561.7083043521702166 5847.5944636945996535 9409.3027680467694154 10928.501418975100023
232000 0.82372724821372000914 354.62322999246100608 1895.5341005655300251 3497.4850492905097781 5707.0911703070196381 9204.5762195975294162 10656.052264065599957
233000 0.82372724821372100834 359.48764824082400082 1757.9752564060399891 3491.591843341439926 5785.3761671316797219 9276.9680104731196479 10623.110488563999752
234000 0.82372724821372100834 359.78831448717699004 -22.442062069249399059 3584.4146601043098599 5790.2149073343798591 9374.6295674386801693 9357.4449040384006366
235000 0.82372724821372100834 357.18447303569899987 741.64896220516300218 3480.7291388272501536 5748.3102623484001015 9229.0394011756507098 9796.9456718801702664
236000 0.82372724821372100834 357.37163126461598495 1466.2175457159000871 3617.0543186467098167 5751.3222733656302808 9368.3765920123405522 10491.110096490299838
237000 0.82372724821372100834 354.79959216850397752 1828.9924582639100663 3611.2274076541198156 5709.9294361975298671 9321.1568438516605966 10721.679650532300002
238000 0.82372724821372100834 360.76874869142801572 767.08193066851902131 3480.0780601006399593 5805.9934207449596215 9286.0714808456104947 9873.4526554588792351
239000 0.82372724821372100834 366.26398794532997272 1223.2734032807099993 3419.6607535621401439 5894.4304682145802872 9314.0912217767199763 10250.79399075729998
240000 0.82372724821372100834 372.16369647217999272 1773.9147321997900235 3632.0050282473998777 5989.3767988361896641 9621.3818270835909061 10979.72971328029962
241000 0.82372724821372100834 366.27144768656802398 2890.3750270225200438 3417.0911251843399441 5894.55052076542961 9311.6416459497704636 11524.901808349599378
242000 0.82372724821372100834 357.83111408869200432 1286.2167632216298898 3534.6186077013198883 5758.7169112415804193 9293.3355189429003076 10278.236196410300181
243000 0.82372724821372100834 366.91705640440898151 922.52668705019800655 3635.1369884327000364 5904.9405558828302674 9540.0775443155307585 10246.488147129999561
244000 0.82372724821372100834 362.79290993254500108 165.33114071340500573 3475.150899337339979 5838.5690440246498838 9313.7199433619898628 9440.3197181054201792
245000 0.82372724821372100834 359.03713178728298772 528.22000348161896 3629.0458776860600665 5778.1258285846597573 9407.171706270730283 9811.6480388430009043
246000 0.82372724821372100834 358.8558186754170265 2798.4270418297601282 3520.1633388928698878 5775.2078853359598725 9295.3712242288293055 11438.22363305430008
247000 0.82372724821372100834 362.46198226623602068 2085.3034705723598563 3534.0403586891197847 5833.2432948839496021 9367.2836535730693868 10964.072670493900659
248000 0.82372724821372100834 359.76767643122201434 551.07026876006705152 3478.3679433706702184 5789.8827709796296404 9268.2507143503007683 9690.2242856435805152
249000 0.82372724821372100834 359.82014593183697571 710.27542852650401528 3530.3545732071697785 5790.7271832976803125 9321.0817565048491815 9864.9642269773903536
250000 0.82372724821372100834 360.35635892507400513 809.7563750337340025 3604.1615871099998003 5799.3566699761795462 9403.5182570861798013 10023.576730244800274
251000 0.82372724821372100834 357.72868767615000252 -687.07968508836404453 3636.1783312394099994 5757.0685226838395465 9393.2468539232595504 8867.1261667518101603
252000 0.82372724821372100834 361.44198667278601533 697.47793608152198885 3670.1542628065099052 5816.8281044711402501 9486.9823672776492458 10021.065355004100638
253000 0.82372724821372100834 354.62733105308001313 406.78529174575197658 3571.8846248855002159 5707.1571702891596942 9279.0417951746603649 9590.5313674460194306
254000 0.82372724821372100834 361.73906697593997706 2040.9250483596899812 3594.9528376168200339 5821.6091346790099124 9416.5619722958308557 10979.368895877500108
255000 0.82372724821372100834 355.5037978930579925 894.15592417636105438 3586.1959025495898459 5721.2624959995200697 9307.4583985491099156 9992.1445266298505885
256000 0.82372724821372100834 359.09900277632999632 1602.6821683023899823 3535.1316505277500255 5779.1215427551596804 9314.2531932829006109 10541.482380820600156
257000 0.82372724821372100834 361.61857706270200197 681.33716839228497975 3439.8468603293599699 5819.6700430973096445 9259.5169034266691597 9781.240346878350465
258000 0.82372724821372100834 356.63272767681797859 1498.4212889567800175 3553.5021545440199588 5739.4308071982295587 9292.9329617422608862 10440.325986638499671
259000 0.82372724821372100834 353.32734247123397608 -509.07523530048700877 3534.8772737075400983 5686.2359425480699429 9221.1132162556095864 8831.2966950702793838
260000 0.82372724821372100834 357.75199468957902127 1551.4129029002199331 3556.9157864224298464 5757.4436116213400965 9314.3593980437708524 10502.329935195599319
261000 0.82372724821372100834 357.5685168761349928 1823.1162386964299458 3476.4705278818200895 5754.4908309784095763 9230.9613588602296659 10626.984540906500115
262000 0.82372724821372100834 363.27824241114200277 2514.2274368436101213 3456.945041834049789 5846.3796905616000004 9303.3247323956493346 11228.555670649000604
263000 0.82372724821372100834 366.37719758460599451 1574.3752787161699871 3542.6235664984201321 5896.2523954829102877 9438.8759619813299651 10644.429584771600275
264000 0.82372724821372100834 355.99688817712501532 930.16138610452094326 3455.4890193762198578 5729.1979919523000717 9184.6870113285203843 9896.9437673621596332
265000 0.82372724821372100834 359.88114063271700616 1674.5572855146199345 3528.2609872626799188 5791.708795017920238 9319.9697822805901524 10602.236233878000348
266000 0.82372724821372100834 353.0435225595199995 2023.2166056708599626 3449.8772409708599298 5681.6683170370897642 9131.5455580079506035 10680.792514327600657
267000 0.82372724821372100834 361.08901005398797679 -275.93282082233298524 3574.2619162944602067 5811.1475128626798323 9385.409429157140039 9174.1181212420506199
268000 0.82372724821372100834 362.51235464840198119 725.89459218304102706 3572.1848007062599208 5834.0539574496797286 9406.2387581559396494 9962.0813626483995904
269000 0.82372724821372100834 360.70575548713799208 1276.0704055364699343 3451.0988450860400008 5804.9796463230295558 9256.0784914090600068 10233.20975174259911
270000 0.82372724821372100834 359.07481312414802233 328.78892186336099712 3509.2666584479998164 5778.7322491649401854 9287.9989076129295427 9539.763960865620902
271000 0.82372724821372100834 359.8956465462720189 768.027359521624021 3473.4632254702100909 5791.9422443922603634 9265.4054698624604498 9853.5105920594905911
272000 0.82372724821372100834 357.71815137775899984 1069.7833714717498879 3549.9533321344001706 5756.898957888230143 9306.8522900226307684 10126.022431039000367
273000 0.82372724821372100834 354.55772740472497162 1454.9184780646598938 3440.0770035066898345 5706.0370113899298303 9146.1140148966205743 10260.195432337099191
274000 0.82372724821372100834 357.6551409894959761 988.30527282340494821 3579.7060183966200384 5755.8849069178595528 9335.5909253144800459 10092.37046713160089
275000 0.82372724821372100834 363.81367045990202769 749.80874468868603344 3445.5393184155500421 5854.996544819779956 9300.5358632353400026 9874.6903617081497941
276000 0.82372724821372100834 357.09077656348699747 1683.3064072186200519 3613.912909232290076 5746.8023681552804192 9360.7152773875804996 10649.681234184899949
277000 0.82372724821372100834 352.99412433466301309 692.8648213731900114 3418.496049636889893 5680.8733319682396541 9099.3693816051199974 9629.919947790029255
278000 0.82372724821372100834 359.88647385153200275 1263.1848633621700628 3513.6836941327001114 5791.7946246067003813 9305.4783187394004926 10272.742673602699142
279000 0.82372724821372100834 360.86907189297602372 479.76434900061900635 3368.2127825081402079 5807.6079615006401582 9175.8207440087808209 9543.1929054256906966
280000 0.82372724821372100834 355.38267221086897507 -481.02862847652698974 3542.9067690944798414 5719.3131727379495715 9262.2199418324307771 8893.8796778779505985
