Step Density Temperature Pressure KinEng PotEng TotEng

251000 0.82372724821372100834 333.98903836391201594 -59.281058972146198016 2952.307849534809975 5375.0170057007799187 8327.3248552355908032 8281.9312973127307487
252000 0.82372724821372100834 330.19451116053500073 602.17333910922900486 2918.8698273129698464 5313.9501864223502707 8232.8200137353196624 8693.9249741122603155
253000 0.82372724821372100834 330.70897429358001318 453.72101427405601726 3005.7066915133400471 5322.2296440430700386 8327.9363355564091762 8675.3662144987501961
254000 0.82372724821372100834 328.93840366021697719 2639.2325960451698847 2929.0665085830701173 5293.7351541917296345 8222.8016627748093015 10243.75337648760069
255000 0.82372724821372100834 334.5988231874150074 230.09011342695600888 3049.7295919656498882 5384.8305127913099568 8434.560104756959845 8610.748065505620616
256000 0.82372724821372100834 329.41881495242699884 -107.06998813621899558 2968.3185098813000877 5301.4666021398697922 8269.7851120211707894 8187.797917586190124
257000 0.82372724821372100834 331.42699883865299171 548.84905161485494318 3028.7636554475498087 5333.7850955608300865 8362.54875100838035 8782.8214594815799501
258000 0.82372724821372100834 329.65608749204699279 -0.6732441263025960021 3085.9706595855600426 5305.2851224772102796 8391.2557820627698675 8390.7402557416498894
259000 0.82372724821372100834 329.99161325372199371 1365.2506530677198953 3118.6020994859500206 5310.6848705758102369 8429.286970061759348 9474.7066314812000201
260000 0.82372724821372100834 335.10482010572502531 123.90589899066100088 3157.3280695542598551 5392.9737202872001944 8550.3017898414491356 8645.1808237240802555
261000 0.82372724821372100834 332.13733707727902811 1092.0191057308500149 3070.7286621884900342 5345.2168483246896358 8415.9455105131801247 9252.1423225868493319
262000 0.82372724821372100834 325.40180994486797772 1343.9384882048200325 3047.0053118433002055 5236.8193600226395574 8283.8246718659393082 9312.9248712693606649
263000 0.82372724821372100834 334.99362123769498112 237.83679264421098765 3047.7927429662900067 5391.1841531516902251 8438.976896117979777 8621.096757170969795
264000 0.82372724821372100834 331.8805335143590014 1238.7423754655699213 3017.3012776566001776 5341.0840075447104027 8358.3852852013096708 9306.9331813955104735
265000 0.82372724821372100834 333.9435367323080186 1375.1407305342199834 2990.947549268109924 5374.2847300402900146 8365.2322793084003933 9418.2251152311491751
266000 0.82372724821372100834 337.02630400617198347 599.88924463157002265 3034.1222071199099446 5423.8969167240402385 8458.0191238439492736 8917.3750740518698876
267000 0.82372724821372100834 333.56929544596897586 452.69800987240500945 3144.1111475178499859 5368.2619177702799789 8512.37306528812951 8859.0195943651506241
268000 0.82372724821372100834 338.70475768995601129 272.67628606339599173 2985.9858089045101224 5450.9089322614900084 8436.8947411659992213 8645.6924077431704063
269000 0.82372724821372100834 334.397934293438027 1943.9656197296399114 2912.2062320433701643 5381.5975287788096466 8293.8037608221693517 9782.3654951984299259
270000 0.82372724821372100834 332.87745190271601814 685.46862313273095424 3110.484389792480215 5357.1278074159899916 8467.612197208469297 8992.4992384992892767
271000 0.82372724821372100834 332.05034741237801654 43.831135692389601388 2957.9781635971498872 5343.8168894204800381 8301.7950530176294706 8335.3580701326300186
272000 0.82372724821372100834 331.13436737461000803 -21.835253388882300385 3019.3902803985201899 5329.0756622712397075 8348.4659426697508025 8331.7459336710198841
273000 0.82372724821372100834 339.30834841074198494 221.32799756353401222 3024.4793684760497854 5460.6227552198697595 8485.1021236959204543 8654.5806291671306099
274000 0.82372724821372100834 326.99403729456298606 141.61434501947300646 2986.9521062040998913 5262.4437012389698793 8249.3958074430702254 8357.8348111452305602
275000 0.82372724821372100834 333.91183830522498965 705.11836752492899905 2996.3756292517700786 5373.774594781199994 8370.1502240329700726 8910.083754467239487
276000 0.82372724821372100834 332.81595286566397363 -54.711758608372200285 2946.3456073337301859 5356.1380792153104267 8302.4836865490397031 8260.5890000081399194
277000 0.82372724821372100834 332.21463614676997622 -783.76948069954505627 2865.118261097679806 5346.4608526640904529 8211.5791137617707136 7611.4197047164798278
278000 0.82372724821372100834 334.77966735046902613 521.83602036088802834 3004.633641212350085 5387.7409090622795702 8392.3745502746296552 8791.9624460916602402
279000 0.82372724821372100834 339.61505622979899499 351.73287321752900425 3045.043519099110199 5465.5587248292004006 8510.6022439283096901 8779.9362745716298377
280000 0.82372724821372100834 328.98027640701900509 650.74411430400198242 3012.9481686910999088 5294.4090287812696261 8307.357197472370899 8805.6544809182705649
