Step Density Temperature Pressure KinEng PotEng TotEng

151000 0.82372724821372100834 286.30144508421000182 -256.75871254126502663 2040.92118964356996 4607.5618038924503708 6648.4829935360203308 6451.8739637375501843
152000 0.82372724821372100834 280.08775365968000415 360.76945099874200196 2202.1421520683197741 4507.5624229587801892 6709.7045750270999633 6985.9582259344297199
153000 0.82372724821372100834 279.48240439854600936 90.440032336474800445 2068.7970027022201975 4497.820299118659932 6566.6173018208801295 6635.8703637194503244
154000 0.82372724821372100834 283.32470454125700599 1132.5778116693500124 2114.2243339150500105 4559.6559471065302205 6673.8802810215902355 7541.1342975247498543
155000 0.82372724821372100834 285.85746607463801183 -251.20421207940100317 2165.2171641798900055 4600.4166750034701181 6765.6338391833596688 6573.2780825689296762
156000 0.82372724821372100834 278.56671742434002681 421.86525615269800937 2129.2460387004898621 4483.0837883566200617 6612.3298270571103785 6935.3666498271995806
157000 0.82372724821372100834 283.03850207520702043 -1383.8273507863400482 2088.8573711467802241 4555.0499782111801323 6643.9073493579599017 5584.2628677594102555
158000 0.82372724821372100834 277.78552898307799524 -775.83795794699801718 2173.7746227172101499 4470.5118154050196608 6644.2864381222298107 6050.2004704716700871
159000 0.82372724821372100834 288.16853627531997972 147.48839844253998876 2093.623820561319917 4637.6096370566001497 6731.2334576179200667 6844.1704272627603132
160000 0.82372724821372100834 287.21368225129202756 -281.92389767889397945 2063.2376551461097733 4622.2427955511002438 6685.4804506972095623 6469.6015679475403886
161000 0.82372724821372100834 282.45013376487599999 144.75978358478900532 1966.0456113270499827 4545.5811354936604403 6511.6267468207097409 6622.4743216614997436
162000 0.82372724821372100834 283.84866098544199531 -90.99538302565700576 2108.0681557966699984 4568.0881843186698461 6676.1563401153398445 6606.4780269794600827
163000 0.82372724821372100834 280.76831169774902719 -19.031640571895501068 2082.094244986420108 4518.514911237760316 6600.6091562241799693 6586.0359705617402142
164000 0.82372724821372100834 279.37885450334601956 1055.195170508540059 2085.3721156276501461 4496.1538299124804325 6581.5259455401301238 7389.5253963411496443
165000 0.82372724821372100834 285.42279461942797525 -866.21087086719103354 2162.7091918202600027 4593.4213362489499559 6756.1305280692004089 6092.8428941793799822
166000 0.82372724821372100834 281.71580503362901027 1076.5871300452799915 2109.230241416500121 4533.7632942927602926 6642.9935357092499544 7467.3735500688899265
167000 0.82372724821372100834 281.28881841381797813 494.14273342064802819 2153.1340929562102247 4526.8916306179999083 6680.0257235742101329 7058.4079114198802927
168000 0.82372724821372100834 285.35496679682700005 375.27583587507001539 2091.7435371887900146 4592.3297564123004122 6684.0732936010899721 6971.4349853152598371
169000 0.82372724821372100834 287.74425658001598549 1277.6262504460698892 2173.5265468572902137 4630.7815369829995689 6804.3080838402902373 7782.6307084519003183
170000 0.82372724821372100834 282.34890367619402696 -884.61990555069405673 2064.8785326944098415 4543.9519998465202661 6608.8305325409301076 5931.4464638589697643
171000 0.82372724821372100834 286.55373441514399246 -948.1975037187429507 2178.796738885349896 4611.6219953609197546 6790.4187342462701054 6064.3510989230198902
172000 0.82372724821372100834 285.62900304403001428 -627.1496906236200175 2096.4684852204800336 4596.7399295608302054 6693.2084147813102391 6212.9781978919500034
173000 0.82372724821372100834 282.04313273643401772 -294.56749414410899135 2171.0323455128600472 4539.031107804329622 6710.0634533171896692 6484.5029312977703739
174000 0.82372724821372100834 279.80893414073602798 541.76968240471501304 1986.4834942651400524 4503.0752707360998102 6489.5587650012403174 6904.410555530849706
175000 0.82372724821372100834 285.15834324742002082 -83.850288182932501968 2046.5798443251298977 4589.1654162681998059 6635.7452605933303857 6571.5381937919701159
176000 0.82372724821372100834 273.42342145204401049 -273.21269300057497276 2158.9642672759900961 4400.3107025934796184 6559.2749698694697145 6350.0665579413298474
177000 0.82372724821372100834 283.47341636461601411 462.00396009827699118 2147.5285817674998725 4562.0492249919898313 6709.5778067594901586 7063.350223901429672
178000 0.82372724821372100834 277.42970517798102037 691.02326744317895191 2017.833321722160008 4464.7854029071795594 6482.6187246293402495 7011.7591492540495892
179000 0.82372724821372100834 288.73268208949997415 240.58371189492899589 2035.5234857252501115 4646.6886576129800233 6682.2121433382299074 6866.4354155022701889
180000 0.82372724821372100834 286.12315240577402164 814.40371392844303955 2156.9168121248399075 4604.6924696673504513 6761.6092817921899041 7385.2263831359796313
181000 0.82372724821372100834 282.75373277348501233 871.92734113219898973 2053.3961713627400059 4550.4670737932501652 6603.8632451559997207 7271.5281781121302629
182000 0.82372724821372100834 284.08579184586699284 190.46547901921400126 2101.5730549546401562 4571.9044245570003113 6673.4774795116400128 6819.3234867198698339
183000 0.82372724821372100834 283.81503939468899489 683.78060504927498187 2073.086594240930026 4567.5470988299402961 6640.6336930708703221 7164.2281605113703336
184000 0.82372724821372100834 286.2900835925560159 -1313.5479494055800842 2105.2824092340401876 4607.3789589369798705 6712.6613681710296078 5706.8322558097397632
185000 0.82372724821372100834 282.0745237472689837 203.88734945670398702 2024.6718502872099634 4539.5362956928101994 6564.2081459800301673 6720.3317437661098666
186000 0.82372724821372100834 281.68585134286797711 772.04393897238503541 1982.3850248925700726 4533.2812377617501625 6515.666262654320235 7106.847018706599556
187000 0.82372724821372100834 280.63157303439902535 -212.99355861110100818 1965.2941956258200662 4516.3143221272703158 6481.608517753090382 6318.511980551369561
188000 0.82372724821372100834 284.77109826409997595 -495.54713097542497735 2020.9805762926901025 4582.9333303862404136 6603.9139066789402932 6224.4563230347703211
189000 0.82372724821372100834 284.54191961749899065 -89.181875980675201276 1986.5599564163699142 4579.245068253880163 6565.8050246702496224 6497.5153766243201972
190000 0.82372724821372100834 281.02857588034800074 243.35954535101998886 2084.1988993201198355 4522.7034451318595529 6606.9023444519798431 6793.2511683345301208
191000 0.82372724821372100834 287.52483646872900636 -377.27519432156600487 2095.0014755491602045 4627.2503227990400774 6722.2517983482002819 6433.3591286956598196
192000 0.82372724821372100834 277.60745175523300077 409.04486305870000251 2062.2445430456600661 4467.6459485110499372 6529.8904915567100034 6843.1102957614002662
193000 0.82372724821372100834 288.73712529219000089 1022.9343485954100288 2064.811135254959936 4646.7601638220903624 6711.5712990770498436 7494.8675223456502863
194000 0.82372724821372100834 276.34166237497800012 182.97333758619600985 2040.400259979960083 4447.2751019771903884 6487.6753619571500167 6627.7843772491996788
195000 0.82372724821372100834 285.52757191483897259 -461.98676908480797465 2054.3939522553600909 4595.1075584896698274 6649.5015107450299183 6295.7422573568901498
196000 0.82372724821372100834 285.98659567486902233 1650.6007658819000881 1996.904509380789932 4602.4948084673096673 6599.3993178480995994 7863.3214334900603717
197000 0.82372724821372100834 283.87039958008398344 182.78686087198099131 2007.9278864425500615 4568.4380320755199136 6576.3659185180604254 6716.3321421381197069
198000 0.82372724821372100834 279.17434594507301426 457.250868003416997 1995.7776948051200634 4492.8625932182603719 6488.6402880233699761 6838.7730980958403961
199000 0.82372724821372100834 282.8453562563839796 -883.70261324413399961 2015.4131788026400045 4551.9416065537197937 6567.3547853563595709 5890.673119130970008
200000 0.82372724821372100834 286.3378975019870154 196.3117448962970002 2029.7462132607199692 4608.1484469943097793 6637.8946602550304306 6788.2173555205499724
201000 0.82372724821372100834 279.41436042796999573 49.69332193134140141 2087.9428558753497782 4496.7252407276100712 6584.6680966029598494 6622.719992547149559
202000 0.82372724821372100834 278.01088449101598599 -59.21845037357419983 2107.8270482684201852 4474.1385502626299058 6581.965598531050091 6536.6199821783102379
203000 0.82372724821372100834 283.88468129440701659 -455.41080081155001835 2009.1625443403199824 4568.6678733234102765 6577.8304176637302589 6229.1066107046399338
204000 0.82372724821372100834 278.58275238326098133 1534.2399664188999395 2007.6224891689701053 4483.3418452596397401 6490.9643344285996136 7665.7849599494902577
205000 0.82372724821372100834 288.52394226780700137 595.3959759325809955 2050.6738319387700358 4643.3293255317203148 6694.0031574704798913 7149.9184563727903878
206000 0.82372724821372100834 285.68764330642198956 166.31141922541999634 1988.9741546510299486 4597.6836503760996493 6586.6578050271300526 6714.0082129439097116
207000 0.82372724821372100834 281.29325626455101883 420.2037882243919853 2104.2445134258800863 4526.9630506959601917 6631.2075641218398232 6952.9721434140201382
208000 0.82372724821372100834 280.8895273556050256 -28.636956593064098797 2104.4952424597099707 4520.4656825131396545 6624.9609249728400755 6603.0326164982498085
209000 0.82372724821372100834 285.08553077140101095 509.60425052592398742 2001.4977293172100872 4587.9936164428399934 6589.4913457600596303 6979.7129522069299128
210000 0.82372724821372100834 288.64887880409798981 -1659.2809878638599912 1994.1423001684199789 4645.3399783677696178 6639.4822785361902788 5368.9134165952600597
211000 0.82372724821372100834 283.85108691272000669 242.42315560911501393 1982.2353787267800271 4568.1272257208602241 6550.3626044476495736 6735.994402306630036
212000 0.82372724821372100834 283.46242387605798285 -1557.0111358953699892 2099.1830561217698232 4561.8723185485196154 6661.0553746702998978 5468.7980768206098219
213000 0.82372724821372100834 286.26238093990900779 335.75301652671902275 2124.8908183418898261 4606.9331292480501361 6731.8239475899399622 6988.9216490773596888
214000 0.82372724821372100834 283.21513518781898711 363.74606188564200693 2023.7337396936100049 4557.8926043905103143 6581.6263440841103147 6860.1592889354296858
215000 0.82372724821372100834 281.14032560054999976 1138.4095082132200787 2058.3799857033800436 4524.501877348099697 6582.8818630514797405 7454.6014113694000116
216000 0.82372724821372100834 282.70172940945900564 204.6271383278979954 1998.354002000050059 4549.6301631947399073 6547.9841651947899663 6704.6742449155399299
217000 0.82372724821372100834 285.31288278952899873 -227.12892193830398924 2011.269026923949923 4591.6524819244796163 6602.9215088484297667 6429.0010348770301789
218000 0.82372724821372100834 285.21732126600500123 421.70652729201697184 2018.72065067078006 4590.1145727267803522 6608.8352233975601848 6931.7505019871596232
219000 0.82372724821372100834 277.09670404483398443 -1045.2688396265100437 2070.7376680350098468 4459.4262846488300056 6530.1639526838398524 5729.7654368807197898
220000 0.82372724821372100834 282.18843246983402651 -103.79183901765100018 2054.6103491799199219 4541.3694735835697429 6595.9798227634901195 6516.5028205294102008
221000 0.82372724821372100834 282.53029982159398514 993.08250270386304237 2073.344867946730119 4546.8712793865497588 6620.2161473332798778 7380.6537793574298121
222000 0.82372724821372100834 283.56168293177199757 969.14516647335199195 2055.8378878712101141 4563.4697335865903369 6619.307621457800451 7361.4156069213404407
223000 0.82372724821372100834 280.93824625438099929 861.61058575650304192 2046.1961739151799975 4521.2497349200803001 6567.4459088352596154 7227.2109452503700595
224000 0.82372724821372100834 277.62924470661198484 534.76010171229597745 2001.796293013399918 4467.996671052250349 6469.792964065650267 6879.2772761342803278
225000 0.82372724821372100834 279.6018703910939962 -843.86493744857705224 2069.7649388786298914 4499.7429123418196468 6569.507851220449993 5923.3312716971604459
226000 0.82372724821372100834 281.95823144586699982 902.08347614921797231 2016.5700909180000053 4537.6647579299797144 6554.2348488479801745 7244.9913777600504545
227000 0.82372724821372100834 288.23694595518600181 28.549734784736600091 2070.9819257956701222 4638.7105809511604093 6709.6925067468300767 6731.5540264649898745
228000 0.82372724821372100834 281.31229283486402437 423.67529478374098062 2014.7686007890499695 4527.2694137121397944 6542.038014501190446 6866.460846476669758
229000 0.82372724821372100834 285.03366774886598023 -267.03563196017898917 2147.6437590218001787 4587.1589644151599714 6734.8027234369501457 6530.3243008678400656
230000 0.82372724821372100834 282.90524243841497309 -1106.2544237320500997 2098.4582351986000504 4552.9053784439602168 6651.3636136425602672 5804.2663260470098976
231000 0.82372724821372100834 279.99567505695301861 -1025.2888471550099894 1973.011250393760065 4506.0805657758501184 6479.091816169609956 5693.9926718905398957
232000 0.82372724821372100834 282.37527441423299024 1047.0084208517000661 2089.8436603145200934 4544.3763945096097814 6634.2200548241298748 7435.9506281592202868
233000 0.82372724821372100834 280.20448065539602567 -582.05633249389802586 2045.4983875647299101 4509.4409564282395877 6554.9393439929699525 6109.2386716105502273
234000 0.82372724821372100834 280.96003447726701552 666.12652118049902583 2088.1016355344099793 4521.600381363769884 6609.7020168981798633 7119.7781415059698702
235000 0.82372724821372100834 278.62859471081497986 -92.454472445535301972 2047.2015048011498948 4484.0796038740900258 6531.2811086752399206 6460.4855202874696261
236000 0.82372724821372100834 282.66287080237401597 539.76838345065800695 1958.3726084601798902 4549.0047963416200218 6507.3774048018003668 6920.6967314792600519
237000 0.82372724821372100834 286.67472295479302602 105.64886617553000292 2107.3217061849700258 4613.5691115336403527 6720.8908177186103785 6801.7898098988298443
238000 0.82372724821372100834 282.6911389333690181 -244.5465116695959864 2064.1153233866598384 4549.4597264960902976 6613.575049882750136 6426.3173248221701215
239000 0.82372724821372100834 276.5028903150230235 -937.53373917066301146 1976.0312166486999104 4449.8698066530596407 6425.9010233017597784 5707.9990014490103931
240000 0.82372724821372100834 281.99589582045700809 436.3992066542430166 2067.3256154515302114 4538.2709055296800216 6605.596520981210233 6939.7624925111003904
241000 0.82372724821372100834 285.67511585107598648 444.71029019502498159 2041.8058273072799693 4597.4820411081700513 6639.287868415450248 6979.8179241680400082
242000 0.82372724821372100834 283.76112659709497166 307.94443720831901601 1983.7330961437999122 4566.6794589657301913 6550.4125551095303308 6786.2162652626402632
243000 0.82372724821372100834 282.24390546313497907 1839.4987288601400905 2006.7278490308399341 4542.2622222911695644 6548.990071322010408 7957.5578929050798251
244000 0.82372724821372100834 281.56251356111101813 657.94680973507195176 2093.6200959861598676 4531.2963143114702689 6624.9164102976301365 7128.7290468414703355
245000 0.82372724821372100834 283.05755561840499013 -85.674456904233906585 1986.4740001888499137 4555.3566143786802058 6541.8306145675296648 6476.2267186617700645
246000 0.82372724821372100834 283.38725538616898803 638.67335250551900572 1970.0509938527100076 4560.6626024649604005 6530.713596317669726 7019.7678798176702912
247000 0.82372724821372100834 287.66441409871998758 44.747310330583403015 1989.8575271909201092 4629.4966005166897958 6619.3541277076101323 6653.618691441840383
248000 0.82372724821372100834 282.83981212852398812 146.20148993637599233 2139.5282516200800274 4551.8523827226799767 6691.3806343427595493 6803.3321736186198905
249000 0.82372724821372100834 284.52962342721298228 151.94242441151899925 2041.4237358518998917 4579.0471808255497308 6620.4709166774600817 6736.8184881117704208
250000 0.82372724821372100834 281.92152686955898844 -473.64199708330301064 2062.5315154208501554 4537.0740567416896738 6599.6055721625398292 6236.9215074362200539
251000 0.82372724821372100834 281.00886579971000856 -168.25926016932999119 2059.1099177330002021 4522.3862430490198676 6581.4961607820096106 6452.6542236610503096
252000 0.82372724821372100834 278.91393022542899871 -391.90089944437102076 1972.8273339949600995 4488.6716205788698062 6461.4989545738299057 6161.4068764733701755
253000 0.82372724821372100834 280.61559629024100104 -438.64858016462198975 2042.5105539976000273 4516.0572020973404506 6558.5677560949397957 6222.6793614419802907
254000 0.82372724821372100834 285.19052733197401039 68.844237085785493946 2024.5449529777799853 4589.6833674040899496 6614.2283203818697075 6666.9447346631495748
255000 0.82372724821372100834 277.49436690421401863 -1395.6421550731399748 2010.8083537660700131 4465.8260295092395609 6476.6343832753200331 5407.9428972534497007
256000 0.82372724821372100834 284.68900314537097529 -276.48235296940498529 2071.8468905144700329 4581.6121413393902913 6653.4590318538603242 6441.7469281604799107
257000 0.82372724821372100834 279.64681942934998915 -492.61948872341798733 2069.3077296575697801 4500.4662949001103698 6569.7740245576796951 6192.5582378794897522
258000 0.82372724821372100834 286.93235593536797978 -1363.3432286609499897 2098.7850596965699879 4617.71530045829968 6716.5003601548596635 5672.5412795987504069
259000 0.82372724821372100834 285.36928080415202658 589.67927346754299833 2093.335040090179973 4592.5601173641798596 6685.8951574543598326 7137.4329794867499004
260000 0.82372724821372100834 283.83822919388398986 2110.8042178478199276 2049.6225155860402083 4567.9203013926398853 6617.5428169786800936 8233.858638389780026
261000 0.82372724821372100834 282.39722663238899258 -823.69495077996396049 2068.0407457498199619 4544.7296801937000055 6612.7704259435204222 5982.0387030746196615
262000 0.82372724821372100834 283.54823956221497383 548.60865004445099657 2044.9851214461300515 4563.2533841508902697 6608.2385055970298708 7028.3271302701095919
263000 0.82372724821372100834 283.84048403430301732 801.64277023495799313 2006.607194620070004 4567.9565894266897885 6574.5637840467597925 7188.4093892880200656
264000 0.82372724821372100834 286.3133151368090239 -20.354581515422598414 2040.3321630645900768 4607.7528333193204162 6648.0849963839100383 6632.4987890685197272
265000 0.82372724821372100834 280.57802369115199781 -126.42322809577099463 1974.287210166909972 4515.452531476889817 6489.7397416437897846 6392.9331017682097809
266000 0.82372724821372100834 287.29602653915497967 -319.7900592489149858 1979.8368773010399764 4623.5679945748597675 6603.4048718759004259 6358.5305590791303985
267000 0.82372724821372100834 281.70320175078200009 -139.2528790271150001 2047.0859051464899494 4533.5604647030104388 6580.6463698494999335 6474.0156223621497702
268000 0.82372724821372100834 284.43509748150597716 -2411.8137206312699163 2021.9718761131800875 4577.5259375891100717 6599.4978137022899318 4752.6886013692901543
269000 0.82372724821372100834 281.6013556164339775 -20.627917313799699173 1937.4603514054199422 4531.9214147905704522 6469.381766195990167 6453.5862562026195519
270000 0.82372724821372100834 284.18358391483201331 46.533616657527097971 1970.1346228646800682 4573.4782308001103956 6543.6128536647902365 6579.2452539580399389
271000 0.82372724821372100834 278.41987105154197479 -752.39760342860097353 2049.9772756296401894 4480.7205319010099629 6530.6978075306396931 5954.5609303486398858
272000 0.82372724821372100834 282.03991708605997246 -1207.2268786705799357 1956.9524315645699062 4538.9793570776400884 6495.9317886422104493 5571.5163987499599898
273000 0.82372724821372100834 281.74819425041198429 1719.6978907958800846 1960.6725858183799573 4534.2845467023098536 6494.9571325206898109 7811.7893074036501275
274000 0.82372724821372100834 284.09478619269202682 -1298.3724543544299195 2023.5247876079999969 4572.0491741193600319 6595.5739617273602562 5601.3652509843295775
275000 0.82372724821372100834 280.05594583278400478 523.0743406532519657 1971.3077229762300249 4507.0505270854300761 6478.3582500616603284 6878.894370571249965
276000 0.82372724821372100834 284.79177078779400745 936.6811399946769825 1997.8852012052300324 4583.2660214438701587 6581.1512226491004185 7298.4003798136800469
277000 0.82372724821372100834 280.0450292551649909 436.76137141902700023 2094.9071634398101196 4506.8748423065699171 6601.782005746379582 6936.2252993672200319
278000 0.82372724821372100834 284.41460409764897577 63.191323332959100867 1975.6760875702000249 4577.1961294993698175 6552.8722170695600653 6601.2599997049001104
279000 0.82372724821372100834 286.50723357542301528 374.14929757303798397 2028.3081515265100734 4610.8736390510803176 6639.1817905775897088 6925.6808529367399387
280000 0.82372724821372100834 284.72567427216500846 -1199.803820591800104 1920.1489240798500759 4582.2023042115097269 6502.3512282913497984 5583.6199308007298896
